(nan, nan)
(1.0, 0.0)
(0.8682166870227559, 0.3305326253089198)
(0.9788842337729966, 0.021115766227003403)
(0.8236105255077344, 0.08653758136987517)
(0.712445124852736, 0.11214306843440336)
(0.7424607453664676, 0.05595704258616972)
(0.7567341171067239, 0.02974324136837432)
(0.7495037677903287, 0.020070383821749117)
(0.7634054589838836, 0.010187348792748243)
(0.7911745528543759, 0.003726263012891023)
(0.7759852544144435, 0.0030075422675170283)
(0.7446989996032548, 0.0034969907788588296)
(0.7165974465380839, 0.003930955967331255)
(0.7246357919848367, 0.0022440898773060493)
(0.7188547553427049, 0.001701940381986856)
(0.7244010901421299, 0.0010061547027252976)
(0.7226179583350211, 0.0007052214608900449)
(0.726112403793631, 0.0004316209283518127)
(0.7208196181370115, 0.00033628670918688146)
(0.7586570985496083, 6.712113666270338e-05)
(0.732975172090337, 0.00010438671696743886)
(0.738602144878936, 5.707177220013191e-05)
(0.7406551812602055, 3.489804009003831e-05)
(0.7024878966621937, 9.038394094998232e-05)
(0.6557632520373697, 0.0002759545900233656)
(0.6513273417925408, 0.00023347128983173382)
(0.6762918101535108, 7.795024347016612e-05)
(0.6718841815479082, 6.575052691526355e-05)
(0.650694245459171, 9.893602284371055e-05)
(0.6475099671391581, 8.235379027815599e-05)
(0.6467623153235325, 6.342065290511959e-05)
(0.660304140875938, 2.898243284372736e-05)
(0.6611717043394628, 2.0738410529871816e-05)
(0.6890111744846534, 4.72671982190754e-06)
(0.7131194106975948, 1.0571945128566584e-06)
(0.703937545803569, 1.168582329187647e-06)
(0.7007076952181266, 9.663247772679866e-07)
(0.7113042469274652, 3.865948461609856e-07)
(0.7125409009878195, 2.503354820358788e-07)
(0.7131694076700631, 1.6730818786697022e-07)
(0.7159366165044182, 9.824207160963514e-08)
(0.7321439739931188, 2.4148810944297776e-08)
(0.7349860286900364, 1.3404955512153243e-08)
(0.7442076213338132, 4.65010825776709e-09)
(0.7507172944878335, 1.87590511714454e-09)
(0.7603382161613161, 5.653138248497198e-10)
(0.7650903336692066, 2.4246592170423413e-10)
(0.7562335813107461, 3.311968981465434e-10)
(0.7660533618074122, 9.031747170978484e-11)
(0.7573850037679025, 1.2557660247163118e-10)
(0.765586190506343, 3.8227466095528495e-11)
(0.7692231525145181, 1.715317913440752e-11)
(0.7673310601698817, 1.308819549110451e-11)
(0.7727499962183297, 4.797862194373914e-12)
(0.7775035858195724, 1.822619890281026e-12)
(0.7831356001802013, 6.081526846339653e-13)
(0.7853214140911337, 2.913832758416361e-13)
(0.787086193617625, 1.4508359406147205e-13)
(0.7953174960318012, 3.199925637562408e-14)
(0.8036841245544941, 6.378017848110167e-15)
(0.8035714364262577, 3.823012598170868e-15)
(0.8069191999843525, 1.4083739570236747e-15)
(0.8064723920746487, 8.802968147433277e-16)
(0.8117804007515901, 2.3441320520390083e-16)
(0.8144718722033363, 8.956085741398264e-17)
(0.8166538804089152, 3.6414244494217994e-17)
(0.8183921940887582, 1.5688964323047473e-17)
(0.8187842152088467, 8.381199389395235e-18)
(0.8130399180503693, 1.2478515226033213e-17)
(0.8120305648114122, 8.530684844020322e-18)
(0.8154200957451855, 2.780501172539509e-18)
(0.817719794915057, 1.0684028696775597e-18)
(0.8178198573159889, 5.999508555064358e-19)
(0.8220643184192771, 1.5715409529608525e-19)
(0.8244058027834823, 5.694180181407878e-20)
(0.8286163348880821, 1.39804361013502e-20)
(0.8288141092013603, 7.470870496192955e-21)
(0.8291036651839564, 3.913777825976392e-21)
(0.8336817407503746, 8.268774259412434e-22)
(0.834972576831118, 3.4246464718787643e-22)
(0.830656399649574, 4.8116373240690695e-22)
(0.8291436532385847, 3.698080158916134e-22)
(0.8281242974062979, 2.5662789828883997e-22)
(0.8198123788425683, 8.484173746989381e-22)
(0.8205638712803742, 4.1194787413252152e-22)
(0.8219511829067849, 1.735659312323319e-22)
(0.8207751586433715, 1.2705429014512718e-22)
(0.8199270169488168, 8.69299821457801e-23)
(0.8191863713629569, 5.827941572542435e-23)
(0.8206789569259932, 2.3798176860557434e-23)
(0.8159826010636491, 3.8749735224418994e-23)
(0.8160651143988686, 2.187184591881447e-23)
(0.8096859340399029, 5.1708630545636253e-23)
(0.7886536743658096, 2.35306050400918e-21)
(0.7881523261478295, 1.5886184840897655e-21)
(0.7816933534962348, 3.438265411382724e-21)
(0.7819343708003252, 2.035721514014727e-21)
(0.781676917026445, 1.3279905988607393e-21)
(0.7866290984130004, 3.0487574043187814e-22)
(0.786490701441331, 1.9270279938007577e-22)
(0.7864178524486756, 1.2022973344493026e-22)
(0.7838057725353113, 1.2722317445833012e-22)
(0.7751337638271788, 4.606687353282119e-22)
(0.7752298344798225, 2.8410866298490104e-22)
(0.7798834161067846, 6.855725120677829e-23)
(0.7795919838088587, 4.540702140831524e-23)
(0.7798179094719596, 2.698148945328267e-23)
(0.7730464273143264, 6.991026420329946e-23)
(0.7688786286380304, 1.0440833202287406e-22)
(0.7605731200303373, 3.5592063534217798e-22)
(0.7608457850919373, 2.17845030395613e-22)
(0.7600033986268602, 1.6676302066582974e-22)
(0.764933756591994, 3.922134832578528e-23)
(0.7696260181352896, 9.298037979775556e-24)
(0.7702857670366158, 5.1231445924757554e-24)
(0.7703520611316625, 3.2060950731872974e-24)
(0.7748138522280512, 7.506550733444195e-25)
(0.776533030331953, 3.1871748552641186e-25)
(0.7775581261291165, 1.5754006829493398e-25)
(0.7792854243525794, 6.558825516833862e-26)
(0.7822834515547628, 1.985840430758633e-26)
(0.7847078697205389, 6.772997102510538e-27)
(0.78708254069051, 2.2984411669339005e-27)
(0.792460252261281, 3.4991933038421857e-28)
(0.7949240074122385, 1.1005697873462942e-28)
(0.7941227854573178, 8.26087242014817e-29)
(0.7959639290416363, 3.0223585857671674e-29)
(0.797252425899675, 1.2736184147849564e-29)
(0.7982299799254939, 5.812945808167764e-30)
(0.7937896728611918, 1.2174676195016735e-29)
(0.7914940963935327, 1.397777325523583e-29)
(0.7949207431800223, 3.244209562307617e-30)
(0.795091596159698, 1.8672767306583538e-30)
(0.7896402380173736, 5.318464281736795e-30)
(0.7921702300290979, 1.5838479841848904e-30)
(0.7916929952744044, 1.1049648778392746e-30)
(0.7912472856862655, 7.65177193254436e-31)
(0.7939468573482248, 2.1121082354295616e-31)
(0.7955202569899192, 7.994332463529991e-32)
(0.7953386275609188, 5.099117212642831e-32)
(0.7974404302017053, 1.6187406374054578e-32)
(0.799532850792641, 5.068012451254805e-33)
(0.7995097077022738, 3.0556032028447683e-33)
(0.7990752545680918, 2.099725910735921e-33)
(0.8003442994179849, 8.374494484339259e-34)
(0.8001036859372712, 5.409199346700502e-34)
(0.7999108029584862, 3.443416754622929e-34)
(0.8009411542780422, 1.4678507845380441e-34)
(0.7966168231091518, 3.6156855688163512e-34)
(0.7953769033412915, 3.2591694545153134e-34)
(0.7970340601880086, 1.1442704963429662e-34)
(0.7971156428997213, 6.70430156692425e-35)
(0.7983396868811765, 2.67873992116565e-35)
(0.7994446460370193, 1.1054615200602713e-35)
(0.8007476547037546, 4.230286394190896e-36)
(0.7967463422200354, 9.974122813723224e-36)
(0.7976652580619412, 4.3861934562522984e-36)
(0.7983593338272443, 2.073698549456831e-36)
(0.7993102892278632, 8.923811799317297e-37)
(0.7991940488810414, 5.56971661916978e-37)
(0.7998046357617908, 2.6857828809895132e-37)
(0.7997849231868043, 1.6186049181028806e-37)
(0.8007485891889263, 6.835340233570492e-38)
(0.8021037307388844, 2.484391416966395e-38)
(0.8008837556999846, 2.319586227537533e-38)
(0.8014087565058372, 1.1401690524251166e-38)
(0.8017845616822321, 5.908779024791661e-39)
(0.8016422677868986, 3.714164074395482e-39)
(0.7997865553702478, 4.448706221540377e-39)
(0.8010051018500776, 1.6806155589658735e-39)
(0.8013902589066475, 8.660590684550933e-40)
(0.8011599043222862, 5.642948834216138e-40)
(0.8018757289300567, 2.552930548219839e-40)
(0.8006858636031216, 2.4147807704508753e-40)
(0.7969767461183018, 6.023746579354908e-40)
(0.7978495397328569, 2.593859994022876e-40)
(0.7993663484490169, 8.639922215572676e-41)
(0.8011881512417094, 2.5198883155350593e-41)
(0.8030788010217162, 7.036916583536573e-42)
(0.8028636728009407, 4.562959791772806e-42)
(0.8023033753463412, 3.4079596804041424e-42)
(0.8032067990083407, 1.4009153200153497e-42)
(0.8022596869789704, 1.2295347208298246e-42)
(0.8045118003149768, 2.8692179204867163e-43)
(0.8070140033560367, 5.883713538213522e-44)
(0.8081116909389974, 2.1597044048986618e-44)
(0.8087746024354829, 9.507173498589983e-45)
(0.8104300057023145, 2.688935693351367e-45)
(0.8086007726709346, 3.531338822955738e-45)
(0.8093306003753634, 1.499055998468997e-45)
(0.8086875587828477, 1.1699436181906682e-45)
(0.8088718978259128, 6.3202516614167656e-46)
(0.8092623346122788, 3.108216612301515e-46)
(0.8092002526541392, 1.8732445012219675e-46)
(0.809790479421248, 8.383486451681584e-47)
(0.8114259781766529, 2.3039342600546835e-47)
(0.8135379839822419, 4.9800732041118464e-48)
(0.8131509332627483, 3.4711648482199815e-48)
(0.8124477374680096, 2.81542932456518e-48)
(0.8138884347978547, 8.213156439076848e-49)
(0.8148212340628905, 3.0286006670938736e-49)
(0.8160022207746012, 9.815299644364902e-50)
(0.8172336896541245, 3.071337678230023e-50)
(0.8171344794296512, 1.8555964406824937e-50)
(0.8173969890589925, 9.349923821580282e-51)
(0.8193715497392581, 1.9658753321046224e-51)
(0.8187522550230588, 1.545468718785674e-51)
(0.8192168047923097, 6.96497501125114e-52)
(0.8196548966615133, 3.1729485419660985e-52)
(0.8210055902460153, 8.917941028826565e-53)
(0.8207388563275375, 5.850228324784971e-53)
(0.8205553937344731, 3.6758850877316928e-53)
(0.820330590098343, 2.3630753777123626e-53)
(0.8195397423877605, 2.0569826733431778e-53)
(0.81975419134845, 1.0483392140436582e-53)
(0.8197527527134203, 5.994759218946061e-54)
(0.8205563431298464, 2.2152472504193277e-54)
(0.8185601627411415, 3.733643790758978e-54)
(0.8194744005176811, 1.3018331698475331e-54)
(0.8196267854708351, 6.847850999752566e-55)
(0.8206516190598905, 2.222323498237839e-55)
(0.8203950645346287, 1.4613738088887769e-55)
(0.8216170067119287, 4.203822550306308e-56)
(0.8225579912381479, 1.4027532198241457e-56)
(0.8209588048664517, 1.974382364137119e-56)
(0.8209081402971203, 1.1576775200454737e-56)
(0.8221861350794064, 3.174107416729046e-57)
(0.822429582518142, 1.5662935408183895e-57)
(0.8236019548349782, 4.489554841265951e-58)
(0.8244263604313073, 1.5634057531280526e-58)
(0.8250789894431788, 5.990374894560498e-59)
(0.8251837185555356, 3.1722098104227308e-59)
(0.8253299595424994, 1.6374692593525478e-59)
(0.824206610807949, 1.8147285264290223e-59)
(0.8247449569852342, 7.409568809897454e-60)
(0.8260597071111228, 1.8754970302651808e-60)
(0.8267743714976157, 6.789673022924809e-61)
(0.826518886005226, 4.465457017325659e-61)
(0.82577507767342, 3.9796278265519305e-61)
(0.8269435159672585, 1.0804005720553585e-61)
(0.8282206634318965, 2.7062149905627206e-62)
(0.8295162670653777, 6.609458910174799e-63)
(0.8287045893431579, 6.208390168828107e-63)
(0.830008366455424, 1.4921293058420083e-63)
(0.8294736840414134, 1.1763729053758464e-63)
(0.8290241512410933, 8.78902707713089e-64)
(0.8300514203605037, 2.5013905608716382e-64)
(0.8312830764842417, 6.15207591752839e-65)
(0.8313291514878012, 3.3092436450644306e-65)
(0.8326837142550314, 7.363198095159916e-66)
(0.8314629611179898, 9.302810077200487e-66)
(0.8311204624656358, 6.503271047802417e-66)
(0.8297548174122761, 9.078686605172211e-66)
(0.8300766223935906, 4.068660419367955e-66)
(0.830504936906381, 1.6921712545008293e-66)
(0.8309582383403662, 6.896805716726576e-67)
(0.830589245098639, 4.935570696794973e-67)
(0.831852310918404, 1.1441060439911116e-67)
(0.8332019193748627, 2.460372621017881e-68)
(0.8340951750643856, 7.207841043741174e-69)
(0.8343662708043953, 3.269544765742778e-69)
(0.8351887913212482, 9.949787429020558e-70)
(0.8351188095325327, 5.745665925664024e-70)
(0.8339546032188841, 7.330274023357514e-70)
(0.8331313675369815, 7.316641678672472e-70)
(0.8334960176813526, 3.102065651357534e-70)
(0.8315598799739025, 6.933361324948413e-70)
(0.8328206964411651, 1.543116128000739e-70)
(0.8327647153188151, 8.881318864090198e-71)
(0.8332251477678739, 3.5017237760911975e-71)
(0.8315618075011924, 6.5409747027713395e-71)
(0.8323268603366248, 2.069004415847459e-71)
(0.8333644459364378, 5.308447896378353e-72)
(0.8330760521285595, 3.630899810494891e-72)
(0.8340561496969479, 9.616050387961225e-73)
(0.8349455503704403, 2.7006901847797334e-73)
(0.8353363102389529, 1.1010821278929377e-73)
(0.8350068579635915, 7.776627854619558e-74)
(0.8355694666453288, 2.770664493587915e-74)
(0.8343905427102042, 3.768688816575086e-74)
(0.834795567093403, 1.5171860782326996e-74)
(0.8351031298444042, 6.568071602426894e-75)
(0.8345983223564757, 5.341909666718215e-75)
(0.8340507668089253, 4.497910486219344e-75)
(0.8337243630478381, 3.193834481969873e-75)
(0.8341897606503634, 1.2235944588051714e-75)
(0.8347400070255325, 4.3683331273598446e-76)
(0.8351398306147663, 1.749225352373361e-76)
(0.8350723309773607, 1.0134938637306295e-76)
(0.8350492654765617, 5.669493923501276e-77)
(0.8350480824109207, 3.1168102934057867e-77)
(0.8359788380646042, 8.081055413769918e-78)
(0.8371235162845387, 1.7417387523103546e-78)
(0.8353314392649026, 4.104709501077438e-78)
(0.8329940554569224, 1.4872339895652704e-77)
(0.8328570194227841, 9.170958438505278e-78)
(0.8320573895324179, 9.636623257584262e-78)
(0.831587206640597, 7.784684970700455e-78)
(0.8327104535209678, 1.7424979296213026e-78)
(0.8325453290279284, 1.1015895815262591e-78)
(0.8315387722696811, 1.380089957848232e-78)
(0.8327642376030241, 2.816593436716976e-79)
(0.8316825968183362, 3.7744218621336936e-79)
(0.8307521058205533, 4.4709894887896456e-79)
(0.8313626861992837, 1.5079443804180862e-79)
(0.8315561001442189, 7.135583451942623e-80)
(0.8322896766837522, 2.1556495668042392e-80)
(0.8325883680476422, 9.300950298179699e-81)
(0.8325441719179186, 5.337201023702544e-81)
(0.8328576089513874, 2.2682648099173673e-81)
(0.8317419091838412, 3.202870871231425e-81)
(0.8319176356138902, 1.531382223823757e-81)
(0.8307176272206291, 2.327052381542271e-81)
(0.8312998536348981, 7.922716184800013e-82)
(0.8308590124208012, 6.380853115486065e-82)
(0.8313630867528432, 2.3123717168504486e-82)
(0.8320265350666781, 7.282095412015481e-83)
(0.8330498520430055, 1.670823306886949e-83)
(0.8317093396669062, 2.9345809794283385e-83)
(0.8317098000627352, 1.6261223341927325e-83)
(0.8322389173396829, 5.700500980379809e-84)
(0.83212454324377, 3.4856907089667333e-84)
(0.8314851638757578, 3.367543536055271e-84)
(0.8323668752771085, 8.644093481218478e-85)
(0.8321876983900758, 5.598997915733357e-85)
(0.8330364104717252, 1.4647281957454288e-85)
(0.832778396235796, 1.0173425369215396e-85)
(0.8330495847038213, 4.416963287560942e-86)
(0.8343912271899998, 7.3127347713745065e-87)
(0.8343619676585857, 4.13243277801652e-87)
(0.8340659318053107, 2.974517801745502e-87)
(0.8331993063618366, 3.591897012421743e-87)
(0.8325340229242827, 3.618440520685812e-87)
(0.8324627827215315, 2.134717025732106e-87)
(0.8328236086822486, 8.511136718819053e-88)
(0.8334357605197236, 2.689099701057795e-88)
(0.8339858567526691, 8.94597764970976e-89)
(0.8346191357327506, 2.7416471097420014e-89)
(0.8350126080628931, 1.0449426412369269e-89)
(0.836116973873087, 2.0338722605303165e-90)
(0.8370086443360287, 4.7807001833110585e-91)
(0.836983640762701, 2.67520742811973e-91)
(0.8369511885922162, 1.5079246108822505e-91)
(0.8366837394177367, 1.0649287496436236e-91)
(0.8366686012781754, 5.909334045062769e-92)
(0.8355378534315807, 9.56674783726271e-92)
(0.8336344653075979, 3.2183689634258023e-91)
(0.8339515954759407, 1.3130925055102882e-91)
(0.8332176806748699, 1.4550544101832626e-91)
(0.8337785674755511, 4.704815142609694e-92)
(0.832102931123628, 1.2812814481974013e-91)
(0.8325468528402455, 4.650181745908768e-92)
(0.8326399120547731, 2.3532730546987186e-92)
(0.833717764123245, 4.609665776188784e-93)
(0.8334535721105856, 3.282789513146948e-93)
(0.8336872323899054, 1.4438129382144729e-93)
(0.8341449367911051, 5.093829409590698e-94)
(0.8329214772906233, 9.261391872046692e-94)
(0.8337751022529589, 2.221586208933636e-94)
(0.8341658667634603, 8.337065831492007e-95)
(0.8334474663735832, 9.32463296018675e-95)
(0.833484349436631, 4.9617854668967936e-95)
(0.8336802702862831, 2.2550730469094647e-95)
(0.8347263869961015, 4.382869430947523e-96)
(0.8318896404666651, 4.039871447700818e-95)
(0.8273370503727437, 1.8750863468966827e-93)
(0.8277043825255228, 7.38687090906933e-94)
(0.8285420935838983, 1.83918581204619e-94)
(0.8286681948206394, 9.095373409506612e-95)
(0.8294809344936005, 2.2929815200601558e-95)
(0.8305438274935936, 4.473029354023336e-96)
(0.8292991932197774, 8.535733894186957e-96)
(0.8292600727323667, 4.951330700280439e-96)
(0.8297054899536802, 1.7756643167668152e-96)
(0.8296074727752655, 1.0914491574150621e-96)
(0.8305184443862536, 2.442712110041314e-97)
(0.8302178787601736, 1.8389149054924454e-97)
(0.8292967045123459, 2.5847260259579284e-97)
(0.8297802932776935, 8.865199040809896e-98)
(0.8297832006167724, 4.926572404490103e-98)
(0.829812154232051, 2.6664252545123915e-98)
(0.8290574281782975, 3.194270952464266e-98)
(0.8291738095806823, 1.585138655840596e-98)
(0.8291542694952195, 9.026942551211156e-99)
(0.8295607035826367, 3.32746902384397e-99)
(0.8297019571360953, 1.6053728914168744e-99)
(0.8291546596727654, 1.570220007442193e-99)
(0.8291890735511696, 8.461772049759398e-100)
(0.8301195998528257, 1.8047445145135253e-100)
(0.8295573288025913, 1.8014608013388746e-100)
(0.8302529701700873, 4.869847162973537e-101)
(0.8303663697991159, 2.4075753120159634e-101)
(0.8299434522529119, 2.087163470055841e-101)
(0.8304618040479151, 6.7437491763326566e-102)
(0.8305264570935966, 3.5044597156080396e-102)
(0.8311251838631953, 1.0329742633012482e-102)
(0.8311127499222813, 5.813497051119535e-103)
(0.8304920795726454, 6.257210084006187e-103)
(0.8304993185028383, 3.454318772386078e-103)
(0.8301605050590021, 2.759574474733039e-103)
(0.8301609307336094, 1.5359132181963242e-103)
(0.8289577550482765, 3.0913025245579774e-103)
(0.8292143443684659, 1.3131580938709923e-103)
(0.8296670397843995, 4.511157670455952e-104)
(0.8305717968636347, 9.46810765337976e-105)
(0.8307051822802686, 4.556063912219896e-105)
(0.8288957303601453, 1.7977702667715264e-104)
(0.8275829389957253, 4.117604788810141e-104)
(0.8273876403122387, 2.846249530289004e-104)
(0.8277864341742475, 1.039776530841175e-104)
(0.827776732523859, 5.8878377715141e-105)
(0.8267927583916117, 9.535480506432179e-105)
(0.8269931275419811, 4.31616402749285e-105)
(0.8271395709696601, 2.0684311395134133e-105)
(0.8279590091262353, 4.759457777420116e-106)
(0.828566283414771, 1.3702335693838633e-106)
(0.8278559373691957, 1.6717695211879886e-106)
(0.8283016948163767, 5.736434958014922e-107)
(0.8282417905645355, 3.4296545925630616e-107)
(0.8282949465741762, 1.8099393653519403e-107)
(0.8290702207246564, 4.2766333041467035e-108)
(0.8283509288735376, 5.326254843158176e-108)
(0.828356645267635, 2.961356687987084e-108)
(0.825086017086506, 6.170920257726122e-107)
(0.8258214402112893, 1.5512305122760768e-107)
(0.8264621492851091, 4.2986865065886146e-108)
(0.8264539553633375, 2.4394198005786307e-108)
(0.82653502778833, 1.2532531146440864e-108)
(0.8258020775118247, 1.5955327885857164e-108)
(0.8267516384692697, 3.1074315204184544e-109)
(0.8276736241561398, 6.172612521812696e-110)
(0.8278500812662303, 2.8323832171987224e-110)
(0.8270257256372372, 4.044096946367285e-110)
(0.8270429636609602, 2.226853715767022e-110)
(0.8269322786555399, 1.417997913632807e-110)
(0.8275669129874808, 3.860181467795432e-111)
(0.8274665092296404, 2.4283998067683512e-111)
(0.8281125779770417, 6.47718769662276e-112)
(0.8280667907575449, 3.823745698092353e-112)
(0.8279607981381683, 2.4207405789726454e-112)
(0.8280629192321312, 1.2044972056011511e-112)
(0.8280408347420947, 6.920679582601111e-113)
(0.8268162363825857, 1.606100858516873e-112)
(0.8273334882418272, 4.9500204698970505e-113)
(0.8270185651400567, 4.0074225791070497e-113)
(0.8271772705593446, 1.8700953549189947e-113)
(0.826108338073284, 3.648578191885319e-113)
(0.8260982578481666, 2.077961561771836e-113)
(0.8256996814825115, 1.8610236090768123e-113)
(0.8248013126040085, 2.9809075893679345e-113)
(0.8255573986393323, 6.977631071350132e-114)
(0.8264647877043679, 1.355808509597578e-114)
(0.8273015521651025, 2.8335012942236993e-115)
(0.8248158439653648, 2.9822091124263393e-114)
(0.8247880255409957, 1.74013500026751e-114)
(0.8251463720195614, 6.448065608101382e-115)
(0.8254411407608547, 2.5686762141850017e-115)
(0.8256117159493426, 1.1831897665379016e-115)
(0.8261823429601585, 3.3796014521870483e-116)
(0.826620437624732, 1.1255423136646994e-116)
(0.827470334804541, 2.2718906245303817e-117)
(0.8273809322790494, 1.4199830378991975e-117)
(0.8271611168319514, 1.0398947047961767e-117)
(0.8273200768937795, 4.812662066848848e-118)
(0.8272893426424666, 2.8034919405649983e-118)
(0.8277077805107022, 9.435518278122228e-119)
(0.8284790078371969, 2.0497502010675622e-119)
(0.8287676619650959, 8.025903468283993e-120)
(0.8286654955288124, 5.09208279461896e-120)
(0.8275804792807264, 1.0900567287353262e-119)
(0.827502645412975, 6.729374920093716e-120)
(0.8280596567831568, 1.8919853850063812e-120)
(0.8279926405110566, 1.1517566226443783e-120)
(0.8279794496609475, 6.558511773574953e-121)
(0.8283613317040015, 2.278628981617682e-121)
(0.8282120218948722, 1.5377927869080225e-121)
(0.8284584978432638, 6.31467079402032e-122)
(0.8286427790110025, 2.799849962238279e-122)
(0.8289236527747608, 1.0970305533092747e-122)
(0.8267648148097001, 9.334381009087454e-122)
(0.8263975299433387, 8.31337969347669e-122)
(0.8266777986431421, 3.288692340411057e-122)
(0.8270735271620538, 1.1221559583120372e-122)
(0.8272364890068387, 5.126222665221113e-123)
(0.8273312952091447, 2.550856981606594e-123)
(0.8275223249355709, 1.1222363684146443e-123)
(0.8276591983306985, 5.284291621740752e-124)
(0.828484525718549, 1.0264740406541233e-124)
(0.8288046267772695, 3.797783329416048e-125)
(0.8288892428922928, 1.90234286317363e-125)
(0.8287934338115607, 1.203968202741801e-125)
(0.8290167647326278, 5.032092440705556e-126)
(0.8290129259774068, 2.8253353623990412e-126)
(0.828653909078335, 2.5230952154548902e-126)
(0.8288584143279251, 1.0796440956224403e-126)
(0.8282030391409317, 1.4231745331050478e-126)
(0.8284931661588828, 5.448000073580122e-127)
(0.8290433762155877, 1.4770341567069114e-127)
(0.828964879047301, 9.152765493313786e-128)
(0.8286702219534023, 7.550453389956419e-128)
(0.8278357419104979, 1.2703914813228657e-127)
(0.8273654266248149, 1.3227618095429934e-127)
(0.8269451619866512, 1.2903905951363646e-127)
(0.8270131808880233, 6.627301098018033e-128)
(0.8259670218853785, 1.4740668130140577e-127)
(0.8259393768614827, 8.608397991934589e-128)
(0.8258296909618296, 5.600954749829267e-128)
(0.8262876559754454, 1.7240930133958255e-128)
(0.8264344932454485, 7.986234327140606e-129)
(0.825264138729877, 2.1135098901317725e-128)
(0.8253505355799399, 1.0637980729163806e-128)
(0.8246137863787449, 1.5881273729375028e-128)
(0.8245902892733377, 9.25805652036134e-129)
(0.82516238950363, 2.4514086225728984e-129)
(0.8246268402322782, 2.8174189380856762e-129)
(0.8241633055594559, 2.944572841590952e-129)
(0.824214302477637, 1.5570163925613887e-129)
(0.8244682109651228, 6.282321865293609e-130)
(0.823591099131896, 1.1415102276780475e-129)
(0.8216002106847746, 8.98437463000732e-129)
(0.8217490111816858, 4.206478513654025e-129)
(0.8215994076260335, 2.917173217964457e-129)
(0.8212013794776666, 2.8088266084295702e-129)
(0.8212362564618542, 1.5292307356484826e-129)
(0.8212046137653977, 9.089941216870622e-130)
(0.8218071312612467, 2.328502889805181e-130)
(0.8217990349028136, 1.3398224646046447e-130)
(0.8218486230253055, 7.138076643308445e-131)
(0.8223101167059294, 2.1889066264971502e-131)
(0.8212908387812584, 4.878371196269206e-131)
(0.8215639616599826, 1.928493162121628e-131)
(0.821665730325435, 9.580322301285062e-132)
(0.8215731308540174, 6.179732884301658e-132)
(0.8217505715819947, 2.7703831191683816e-132)
(0.821579482870129, 1.9876359698364432e-132)
(0.8202740410132713, 6.579425530780303e-132)
(0.8202771734279387, 3.743927551307229e-132)
(0.8202600344176867, 2.1893988578532728e-132)
(0.819788165950834, 2.3635695158310676e-132)
(0.8189386571039218, 4.23936651430278e-132)
(0.8171414325135393, 2.684966860634159e-131)
(0.8162092055348643, 5.331920931527675e-131)
(0.8165253619332231, 2.0226289279228386e-131)
(0.8171392799937819, 5.143333697058054e-132)
(0.8173429191379882, 2.2547897691973125e-132)
(0.8173672217059085, 1.2562262248943975e-132)
(0.8176765112115439, 4.766919752171714e-133)
(0.8177251191958838, 2.567442024460322e-133)
(0.8177833337866659, 1.3645888105672668e-133)
(0.8175358990188277, 1.0973543557736239e-133)
(0.8162945098182338, 3.3816836680142206e-133)
(0.8163855239571756, 1.7260304933776602e-133)
(0.8161567418905991, 1.3567315985787744e-133)
(0.8158051203248825, 1.2597655691992243e-133)
(0.8157649859242365, 7.684992867210193e-134)
(0.8156883276718256, 4.926705714573897e-134)
(0.8162760946581252, 1.2811389299637355e-134)
(0.8160774676083672, 9.692809337046e-135)
(0.8161414928535389, 5.1285721766171084e-135)
(0.8153423373104995, 8.808282898833899e-135)
(0.8152181980759299, 6.034466253096677e-135)
(0.8154170252556807, 2.6615460905763337e-135)
(0.8151621023158374, 2.1815003058103857e-135)
(0.8143291398827406, 3.93771424876097e-135)
(0.8148634548218383, 1.1000665352557611e-135)
(0.8148239353378706, 6.72572450049773e-136)
(0.8152945015731431, 2.039191197522514e-136)
(0.8149784292982173, 1.824009417698018e-136)
(0.8149755303531525, 1.060301528281277e-136)
(0.8126398145213366, 1.514344880354425e-135)
(0.8128796405654413, 6.3540580719450624e-136)
(0.8131615739492082, 2.5124088062223226e-136)
(0.8135358926096694, 8.7299292445058e-137)
(0.8128079757940799, 1.3816973720194022e-136)
(0.8131407235744378, 5.085059391440237e-137)
(0.8132336886442325, 2.600816077529655e-137)
(0.8129827561451004, 2.1397754556180364e-137)
(0.8127657673233518, 1.6808853889297878e-137)
(0.8124661924925656, 1.481152118410261e-137)
(0.8124935271662854, 8.30719361243746e-138)
(0.812517325378355, 4.6814678170087123e-138)
(0.8122717886731687, 3.835216000502907e-138)
(0.812283286189478, 2.199627048267404e-138)
(0.812319556296596, 1.2186893705044077e-138)
(0.8124064980302335, 6.289651762347743e-139)
(0.8130918856804797, 1.4018120412848574e-139)
(0.8126591949463962, 1.4977555731174679e-139)
(0.8125454032507942, 1.0233024246851326e-139)
(0.8125654144731692, 5.794229762359807e-140)
(0.8121284228972433, 6.243607442292283e-140)
(0.8123936175522585, 2.5045270142041643e-140)
(0.8113584468867386, 6.273527512610522e-140)
(0.8116827325832989, 2.3207543111863802e-140)
(0.8119318244808429, 9.525390817816429e-141)
(0.8115781294096485, 9.164436216506569e-141)
(0.8121288404702763, 2.4498130652760146e-141)
(0.812081512695987, 1.5276986517496502e-141)
(0.8125452696462089, 4.5957156503546814e-142)
(0.8121833470833392, 4.4907045464141044e-142)
(0.8123623402132545, 2.026061479364815e-142)
(0.8126262560914362, 8.082071269096733e-143)
(0.8125672055438963, 5.123566950257311e-143)
(0.8125577938340559, 3.024630373819638e-143)
(0.8125873666619712, 1.6879243914598064e-143)
(0.8124514540138269, 1.1963593397680043e-143)
(0.8120865677836315, 1.1810918826147836e-143)
(0.8117353218847224, 1.1439610395707049e-143)
(0.8112526382643573, 1.3400687516966121e-143)
(0.8120733324393331, 2.386485576448555e-144)
(0.8118644304194408, 1.8848252375917726e-144)
(0.8116327485559256, 1.5396345271361934e-144)
(0.8113391993549622, 1.376759265064135e-144)
(0.811358841163256, 7.815172454655637e-145)
(0.8102739809435792, 2.2057488358738328e-144)
(0.8100806343234853, 1.7092452228669805e-144)
(0.8104217956809893, 6.101850125807594e-145)
(0.8098532130095195, 8.161336127076836e-145)
(0.8102339389684582, 2.74929350545995e-145)
(0.8101640903292701, 1.7827558905614595e-145)
(0.8086971604302986, 8.81607452110792e-145)
(0.809045792001365, 3.1235915807597872e-145)
(0.8098681949312259, 5.524894784006749e-146)
(0.8094138490036181, 6.295506059672006e-146)
(0.8092967369488925, 4.384368339336704e-146)
(0.8093063774798703, 2.537233221681768e-146)
(0.8099971292979279, 5.393500974750011e-147)
(0.8084411692621672, 3.1068434516864263e-146)
(0.8084619288968194, 1.7724455982182832e-146)
(0.8048497501574969, 1.9728334452342807e-144)
(0.8027934126031535, 2.2143719875397787e-143)
(0.8027576357596389, 1.3882279571075123e-143)
(0.8018839215743035, 2.8657801097378035e-143)
(0.7996976517641005, 3.7492578528288466e-142)
(0.7993469581086001, 3.680402228043668e-142)
(0.798866929642188, 4.333338801228888e-142)
(0.7967141167878776, 5.2457441294313964e-141)
(0.7970406828490894, 2.0120800341047504e-141)
(0.7974118031442718, 7.23584661301184e-142)
(0.7976930071365311, 2.94351291622516e-142)
(0.7971436478485533, 3.828765571401324e-142)
(0.7956763655495679, 1.7884950577891257e-141)
(0.7954473455186397, 1.4884070196349632e-141)
(0.7937491590911213, 9.472459802186639e-141)
(0.7944042955521936, 2.3260588275226973e-141)
(0.7931907863826295, 7.564678869628541e-141)
(0.7929792959762659, 6.163184998079635e-141)
(0.7933077089340228, 2.3826912258010753e-141)
(0.791981751622416, 9.045580054758343e-141)
(0.7914367811068624, 1.1680849679534736e-140)
(0.7917705997107474, 4.504954461530964e-141)
(0.7894763901677322, 6.401464633379611e-140)
(0.7891379123171511, 6.230218358996744e-140)
(0.787980390142184, 1.8474507997681817e-139)
(0.7880566698689402, 1.0246919236078099e-139)
(0.788336564885967, 4.304946254099642e-140)
(0.7883081088667638, 2.751421120359814e-140)
(0.7867499220986878, 1.4114153714945098e-139)
(0.7859943528424335, 2.4236052674260472e-139)
(0.7857997426147978, 1.948482208990553e-139)
(0.784190518662916, 1.0558971200331663e-138)
(0.7845601127322028, 3.9799339403181024e-139)
(0.7841017360707989, 4.575308441502783e-139)
(0.7848573582321619, 1.0218407568583365e-139)
(0.7845714657756432, 9.32185448887193e-140)
(0.7844767439240046, 6.567143435330328e-140)
(0.784437609059083, 4.291668395103039e-140)
(0.7849128873461978, 1.3927571844412115e-140)
(0.7847669270412132, 1.0523415976639965e-140)
(0.7836298545254015, 3.0659375153670464e-140)
(0.7840891004762699, 1.0185208240290223e-140)
(0.7833769614571158, 1.666768672279383e-140)
(0.7839867684622375, 4.50562318682534e-141)
(0.784629698698536, 1.1577872829376872e-141)
(0.7851019005138213, 3.7437833388059205e-142)
(0.7850703437954382, 2.4202333557719874e-142)
(0.7850549863068054, 1.5301439319440272e-142)
(0.7828391652465504, 1.998893958935707e-141)
(0.7828617793493187, 1.2049223368527144e-141)
(0.7829153206309737, 6.960670862435278e-142)
(0.7804408164833244, 1.2704806004716072e-140)
(0.7804030483579629, 8.355558534452386e-141)
(0.7800424640230176, 8.523072852525853e-141)
(0.7792015426688446, 1.6682141855201634e-140)
(0.7792052751570594, 1.0395538121787137e-140)
(0.778717402118669, 1.2618424564350705e-140)
(0.7785790690117366, 9.542942155977432e-141)
(0.7786532693385423, 5.41075897053422e-141)
(0.7790344157456468, 2.019187090071437e-141)
(0.7782646924011773, 3.609148666938282e-141)
(0.7782560821128768, 2.291373067443206e-141)
(0.7790434505585132, 4.9048507424901e-142)
(0.7784481721818514, 6.940263613545069e-142)
(0.7782787794838023, 5.488420984943074e-142)
(0.7761769332108733, 6.026284602009797e-141)
(0.7758505285879348, 5.90917095305671e-141)
(0.7732915501994689, 1.1699271656325435e-139)
(0.7733014916104024, 7.314514909557033e-140)
(0.7733425105135316, 4.3861160044158045e-140)
(0.7732978310757129, 2.9507462939600145e-140)
(0.7719553121657978, 1.1317546842601357e-139)
(0.7720121770134375, 6.662192689627119e-140)
(0.7722997008041568, 2.8770115377076687e-140)
(0.7717479124903628, 3.8316069441755067e-140)
(0.771771307540626, 2.359588384331074e-140)
(0.771314734732775, 2.7687851339226303e-140)
(0.770956061032427, 2.8501427515196e-140)
(0.7708583152441029, 2.0683602248326956e-140)
(0.768594104053563, 2.7156450047964817e-139)
(0.7691343444833044, 8.450405321884504e-140)
(0.768499041938442, 1.2597225616386307e-139)
(0.7675259735669554, 2.9405352151674696e-139)
(0.767039883028934, 3.591598023430538e-139)
(0.7662945875663502, 6.1842169763674204e-139)
(0.763997232034239, 8.187760772506004e-138)
(0.7639533855054215, 5.591683458566637e-138)
(0.7638262726515684, 4.260410835457484e-138)
(0.7638725302899186, 2.5857620531212907e-138)
(0.7638965559155004, 1.6156889438003628e-138)
(0.7640061210794267, 9.017732269306794e-139)
(0.7638528824481128, 7.118136630665304e-139)
(0.7625013777923254, 2.723026506583145e-138)
(0.7615774251541853, 5.915316962713276e-138)
(0.7611992762978249, 6.285239528072745e-138)
(0.760776290782145, 7.08461249198355e-138)
(0.7605691865777615, 6.024805738608826e-138)
(0.7612545991870759, 1.5908433536853772e-138)
(0.7613027560815553, 9.675831690745421e-139)
(0.7613292790070179, 6.054116622621285e-139)
(0.7606497311558728, 9.603160491900045e-139)
(0.7606725971700012, 6.044905163951111e-139)
(0.7592042199916873, 2.7015230604770034e-138)
(0.7600261209338811, 5.966776467169157e-139)
(0.7597612038465336, 5.493960882551089e-139)
(0.7567786328810598, 1.7711651577043625e-137)
(0.7565877666788244, 1.4830053282985993e-137)
(0.7571807922011166, 4.472727627527448e-138)
(0.7571318431668521, 3.112561486886298e-138)
(0.7570960703956087, 2.1293363525744538e-138)
(0.7572242513843569, 1.1751507988089148e-138)
(0.7559453447207233, 4.091065238435296e-138)
(0.7558436585668297, 3.056558155045314e-138)
(0.7542582174662079, 1.5777661440464453e-137)
(0.7534276896770196, 3.03976453503324e-137)
(0.7501923797855069, 1.281021892986948e-135)
(0.7487152836907259, 5.552939191312957e-135)
(0.7487053155193514, 3.7254223818698814e-135)
(0.7486721630345841, 2.5742615709793584e-135)
(0.7488364759038094, 1.3832473891993682e-135)
(0.7487414124108591, 1.0343176332064332e-135)
(0.7483554116488857, 1.121446439919197e-135)
(0.7483037925109046, 7.940051625684411e-136)
(0.7475453046693883, 1.3856412051731374e-135)
(0.746344073105012, 4.238640083323554e-135)
(0.746816573568809, 1.5460362570772734e-135)
(0.7463169161574009, 1.9409933515527054e-135)
(0.7458093505107662, 2.461921337789919e-135)
(0.7431027793179238, 5.013844849784451e-134)
(0.743478994027515, 2.0882243005760568e-134)
(0.7437340208637503, 1.0115032908123046e-134)
(0.7435162845884362, 8.897908780889014e-135)
(0.7430997018009023, 1.006654396820848e-134)
(0.7423501926984004, 1.733480337222985e-134)
(0.7427487094967399, 7.017717809059425e-135)
(0.7414503726958687, 2.4159019374233983e-134)
(0.7414276304545087, 1.6671012758188205e-134)
(0.7413559447177412, 1.2236957583873768e-134)
(0.7415907875081125, 6.100742634820626e-135)
(0.7410022485952634, 8.603518950200323e-135)
(0.7399227498593386, 2.25051525920482e-134)
(0.7399476010107402, 1.4663244496519978e-134)
(0.7397544895024674, 1.2572410185601228e-134)
(0.7403821048225555, 3.826915313586672e-135)
(0.7405292421707002, 2.1335804743597583e-135)
(0.740130465130093, 2.3755276740432207e-135)
(0.7399714690849041, 1.9529188379436352e-135)
(0.7396125882779843, 2.0691271152494944e-135)
(0.7393368787739246, 1.9738957418425828e-135)
(0.7380504814932999, 6.757957593134434e-135)
(0.7377291332551079, 6.835161107597037e-135)
(0.7363671838389434, 2.5594917584077013e-134)
(0.7370578411673165, 7.258434769104604e-135)
(0.7376072805573635, 2.4488808411200302e-135)
(0.7374659611730647, 1.976264671383972e-135)
(0.736149260060581, 7.040490830024375e-135)
(0.7354681152407705, 1.1228475248806484e-134)
(0.7350096345935393, 1.3533360034128064e-134)
(0.7355038382490802, 4.9215928032109144e-135)
(0.7345592287628848, 1.095232488500302e-134)
(0.7346151977714649, 6.921730178217354e-135)
(0.7346050331528668, 4.753830296262017e-135)
(0.7341918167484413, 5.4272065122583127e-135)
(0.7335420041371892, 8.347129020277835e-135)
(0.7319047878263033, 4.420679965932534e-134)
(0.7315988108428475, 4.413623767360794e-134)
(0.7315944864514045, 3.023347867456549e-134)
(0.7312509403513471, 3.1666747115056265e-134)
(0.7308678424982324, 3.4863971017999996e-134)
(0.730885372126057, 2.32642610952667e-134)
(0.7298754878601749, 5.61094728246574e-134)
(0.7297462388175185, 4.504679572044401e-134)
(0.7297306488195218, 3.138589709596599e-134)
(0.7285807229203953, 9.012411124719296e-134)
(0.7282050208866041, 9.851452318137451e-134)
(0.7287082967925327, 3.6011973887060384e-134)
(0.7286537823679795, 2.6385286099942543e-134)
(0.7277134367550651, 5.846330799313436e-134)
(0.7273108745797227, 6.620426059137456e-134)
(0.7270927896313731, 5.959797059485433e-134)
(0.7262379877039709, 1.1857113136339043e-133)
(0.7253835015676988, 2.3547494461295285e-133)
(0.7230673831616249, 2.8302723397634864e-132)
(0.7225721933971245, 3.590839514943588e-132)
(0.7218169649190483, 6.267110660490778e-132)
(0.7219786808153142, 3.554552797809687e-132)
(0.7219946040068662, 2.4103099225670984e-132)
(0.7215240964989283, 2.9719094616969636e-132)
(0.7221091284900466, 1.0007662121092797e-132)
(0.7220397657161267, 7.537151533868847e-133)
(0.7218927432274556, 6.2489236902922996e-133)
(0.722002208423222, 3.774640082788659e-133)
(0.7220875392273, 2.3483200816573137e-133)
(0.7222745930453385, 1.2873397260664376e-133)
(0.7219290131880032, 1.3666066242920836e-133)
(0.7206508295143921, 4.603760483628063e-133)
(0.7204583411819636, 4.046858800706276e-133)
(0.7198688273903248, 5.8110748150699245e-133)
(0.7199430913114632, 3.677615913025793e-133)
(0.7201863094773361, 1.8875781472324813e-133)
(0.719444721754593, 3.2784466130301187e-133)
(0.7191370305358142, 3.3296388828832238e-133)
(0.7187301666469512, 3.824038339116091e-133)
(0.718402952074984, 3.981709676155765e-133)
(0.7179531674563931, 4.825066973346742e-133)
(0.7173258938683476, 7.278954817480135e-133)
(0.7180916256931521, 1.967445535964053e-133)
(0.7168885049312409, 6.0549030317222036e-133)
(0.7155285246200976, 2.2496504896241156e-132)
(0.7154456651613208, 1.738913610642085e-132)
(0.7157964075528706, 7.885810077411101e-133)
(0.7134200411841048, 1.0152879531709962e-131)
(0.7127987717324923, 1.5174461389311828e-131)
(0.7125219309873481, 1.4907286420557544e-131)
(0.7121573899203476, 1.6302797352548399e-131)
(0.7118548627088475, 1.6538019881022345e-131)
(0.7120754211305159, 8.869631758442844e-132)
(0.7119810885089553, 6.983992344318936e-132)
(0.7108769502935065, 1.8852249249683863e-131)
(0.7109234307464491, 1.2521488595832588e-131)
(0.711245226022253, 5.941010328663108e-132)
(0.710447970682898, 1.1051289951125818e-131)
(0.711110443723294, 3.458354985043838e-132)
(0.7117278785237482, 1.1390409356350133e-132)
(0.7122574162723507, 4.165281711567216e-133)
(0.7115872498213891, 6.675339952339596e-133)
(0.709523604548244, 5.896823560934867e-132)
(0.7082392854555175, 1.9892182592365965e-131)
(0.7061011157739272, 1.874818813506438e-130)
(0.7056846531718101, 2.193544077890805e-130)
(0.7056496000126558, 1.6204322151582593e-130)
(0.7063064904498509, 5.181331828676572e-131)
(0.7067032136827097, 2.2641624537167925e-131)
(0.7063548200666947, 2.445604801353282e-131)
(0.7060608300780029, 2.4735208508788335e-131)
(0.7041847523416445, 1.6999199972465947e-130)
(0.7042903880622253, 1.0616986481379773e-130)
(0.703699474146015, 1.53868820088136e-130)
(0.7031760596812454, 2.0554129055541843e-130)
(0.7035101781449763, 9.75464812109773e-131)
(0.7032988278159745, 8.947346571361276e-131)
(0.7019983084382602, 3.056573144972194e-130)
(0.7018602996112112, 2.5692763126074416e-130)
(0.7013750830065095, 3.2821974511569886e-130)
(0.7015163844439649, 1.9719676582409487e-130)
(0.7019880236678678, 7.943270917377774e-131)
(0.702009879182568, 5.506189945692922e-131)
(0.7024105350541129, 2.410036458166819e-131)
(0.7012189608055965, 7.27450042169984e-131)
(0.7012994572615305, 4.701753455916336e-131)
(0.7015003484372789, 2.625068826896795e-131)
(0.7007041514221628, 4.91334901396658e-131)
(0.7001580360216396, 6.789214712670582e-131)
(0.7005508073714998, 3.009195748120326e-131)
(0.7005169960300488, 2.2361354789236043e-131)
(0.7007339337524084, 1.2249323166980235e-131)
(0.7005016769842769, 1.1589368540508534e-131)
(0.7008593316785721, 5.3439917397592595e-132)
(0.7007984217933478, 4.1040350052731486e-132)
(0.7008763493892494, 2.6599892404824015e-132)
(0.701094838900801, 1.4508848906125755e-132)
(0.7010828149819469, 1.0493695840918997e-132)
(0.7007892754611262, 1.0723665284318642e-132)
(0.7008627459325343, 6.985738715035056e-133)
(0.7010050295952193, 4.180245490980317e-133)
(0.7010053229284153, 2.9784268481727705e-133)
(0.7011417608854048, 1.7939472461164412e-133)
(0.7011015626103055, 1.3435128904118206e-133)
(0.7008768751135275, 1.2640595694658732e-133)
(0.7003700203920609, 1.6858488917920543e-133)
(0.7006565607235875, 8.438277233204035e-134)
(0.7010676488372097, 3.61460962594825e-134)
(0.7007404078196672, 3.86716643563891e-134)
(0.700791166607776, 2.5889007126627674e-134)
(0.7013194427735251, 9.562392366930845e-135)
(0.701486390712072, 5.531317065748158e-135)
(0.7014674905408257, 4.0340807120653626e-135)
(0.7017080913198619, 2.1262045636481116e-135)
(0.7016313009957428, 1.667010306749947e-135)
(0.7016275497314804, 1.1927600606400516e-135)
(0.7017980370423824, 6.856168116307887e-136)
(0.7018162389630962, 4.770937073671251e-136)
(0.7012198543377142, 7.194417096513162e-136)
(0.7013864068702022, 4.156930693740674e-136)
(0.7014330826708247, 2.7921462138503464e-136)
(0.7021293530736349, 8.249639946825804e-137)
(0.7011417625441886, 2.0467997442481456e-136)
(0.7012559844566559, 1.262579798034104e-136)
(0.7014594620657127, 6.953386028174609e-137)
(0.7015392987786548, 4.476194579030708e-137)
(0.7015485952472973, 3.150733749831173e-137)
(0.7015930848025703, 2.1206804118899745e-137)
(0.701921769355207, 9.937752099708121e-138)
(0.7019631134785362, 6.710877329990878e-138)
(0.7023517069760841, 2.9067612651642333e-138)
(0.7014948302976047, 6.184909776460382e-138)
(0.7013175071535853, 5.525131698317552e-138)
(0.7015346600317512, 2.98209586797527e-138)
(0.7017836383349952, 1.5438807818424973e-138)
(0.7019987174545758, 8.340154129651898e-139)
(0.7021621996843488, 4.810655563248516e-139)
(0.702320440992411, 2.7919607706126326e-139)
(0.7020574155571101, 2.7886044036344776e-139)
(0.7006858703794719, 1.1590029597320418e-138)
(0.700840042405765, 6.779660386692852e-139)
(0.7007280685709832, 5.5822218267116e-139)
(0.7007402514921854, 3.91845054298552e-139)
(0.7006819441352776, 3.0120052658517564e-139)
(0.700268724490957, 3.658200627953084e-139)
(0.7002701150095713, 2.605449787802156e-139)
(0.7008851103303265, 8.398492688835398e-140)
(0.7008754291866056, 6.062780718819767e-140)
(0.7009881022586393, 3.734688145310785e-140)
(0.7009476811324331, 2.8054907038157443e-140)
(0.7008917228835863, 2.1506755508231715e-140)
(0.7008648685243438, 1.5876871476244407e-140)
(0.7009930569675191, 9.578810422094909e-141)
(0.7005826468493013, 1.16540235939821e-140)
(0.7004112178147694, 1.0391062453885382e-140)
(0.7001340683171717, 1.063580826023815e-140)
(0.7000158108089493, 8.854573028308524e-141)
(0.7000842293734366, 5.780440492803257e-141)
(0.7002103706373908, 3.498757589694318e-141)
(0.7001974486804923, 2.5391308957639263e-141)
(0.7001593313119169, 1.9045626342492133e-141)
(0.70023338000331, 1.2334245714945474e-141)
(0.700430428578846, 6.795143427266597e-142)
(0.7004588952967311, 4.6692505969202216e-142)
(0.7005887382259707, 2.807352858918648e-142)
(0.7005967228388051, 1.981222230999905e-142)
(0.70058111781846, 1.442377215147189e-142)
(0.7006529503451926, 9.355731707785006e-143)
(0.7007578813697277, 5.807095772584327e-143)
(0.7004808446570789, 5.975121189510325e-143)
(0.7004990823883552, 4.1603392200789035e-143)
(0.6991316408825599, 1.8096416930141217e-142)
(0.699524128356862, 7.700565058026548e-143)
(0.6994723673710498, 5.889936401104763e-143)
(0.6992407533887695, 5.716630408896162e-143)
(0.6991437134071627, 4.644731980138922e-143)
(0.6993886319080352, 2.398777455889341e-143)
(0.6992090458003214, 2.1749767439300496e-143)
(0.6992325540309046, 1.5063432219991407e-143)
(0.6990582372056375, 1.3570217112204334e-143)
(0.6992874632750633, 7.148438024553954e-144)
(0.6990771626684581, 6.75905657644325e-144)
(0.6990203026556758, 5.210923794760443e-144)
(0.6994464502067488, 2.108217039933322e-144)
(0.6996975956592556, 1.0759717201846664e-144)
(0.6997120985943304, 7.53528197256678e-145)
(0.6994180910543457, 7.981878729369895e-145)
(0.6998883195044745, 3.0318583399818407e-145)
(0.6995808079969029, 3.2731753246132774e-145)
(0.6990687297527298, 4.652679622496354e-145)
(0.6990717448817038, 3.311781270874923e-145)
(0.6986515061284435, 4.164039108945225e-145)
(0.6983930095567822, 4.214368701193659e-145)
(0.6984680145000327, 2.725548015446379e-145)
(0.6980237823051669, 3.5432291252331775e-145)
(0.6981800959715679, 2.0549414169713165e-145)
(0.6984111085980326, 1.076994337397156e-145)
(0.698354113608045, 8.32019504649734e-146)
(0.6983954033133153, 5.629243459850404e-146)
(0.6982981687307458, 4.592770088773566e-146)
(0.6982305766985405, 3.6005992965759076e-146)
(0.6980772634927178, 3.170598362168421e-146)
(0.6974722639518209, 5.145055286481109e-146)
(0.6974009333448239, 4.058433250547386e-146)
(0.6970460956531763, 4.698255536367982e-146)
(0.6968425776397694, 4.4340885849316345e-146)
(0.6968761642970657, 3.037385518515558e-146)
(0.6966762438278333, 2.8543572395194193e-146)
(0.6968151598035719, 1.6953707318433183e-146)
(0.696602517911502, 1.6218368691969645e-146)
(0.6961669987498109, 2.099450236343427e-146)
(0.6961670070352669, 1.50638658108114e-146)
(0.6965296820617045, 6.603358690164137e-147)
(0.6965296980415095, 4.7356398820052785e-147)
(0.6960967479699628, 6.122781611358139e-147)
(0.6962716392199695, 3.4624922302868645e-147)
(0.6962683982802957, 2.495075046735453e-147)
(0.6964069852347498, 1.4814276763344601e-147)
(0.6968279555020112, 5.973229800130742e-148)
(0.6967883454750634, 4.521047434305427e-148)
(0.6967192718139177, 3.563396297294321e-148)
(0.6963675079282531, 4.139752239683071e-148)
(0.6966435589458753, 2.0327066729026838e-148)
(0.6966378173790289, 1.4691371645868309e-148)
(0.6973919099849636, 3.7247104104600598e-149)
(0.6975401162127387, 2.1737781410860246e-149)
(0.6977096941523574, 1.2309776038343764e-149)
(0.6976743969904796, 9.256317907608592e-150)
(0.6976465378668765, 6.889413826203577e-150)
(0.697512900446276, 5.939523673692291e-150)
(0.6970885666726573, 7.667991307262256e-150)
(0.6968962659913104, 7.176395739886731e-150)
(0.697030765667517, 4.267434057356129e-150)
(0.6968175595049215, 4.113801507302803e-150)
(0.6969460375923695, 2.466372531625987e-150)
(0.6969668603802402, 1.717282353667486e-150)
(0.6964671937330289, 2.4692075942646116e-150)
(0.6971313076622696, 7.012036758265427e-151)
(0.6969858298465177, 6.158035588715266e-151)
(0.6969582781378211, 4.587120954744895e-151)
(0.6974132295649472, 1.7378893426669385e-151)
(0.6970552169925799, 2.0572224215585104e-151)
(0.6972116198102459, 1.183714872460212e-151)
(0.6966848905143214, 1.7769327745689333e-151)
(0.6968352635106854, 1.0315637300127456e-151)
(0.6975437167097224, 2.7269052602811336e-152)
(0.697643921704533, 1.6953437465966183e-152)
(0.6971989006030515, 2.2760643587677507e-152)
(0.6972530106022444, 1.5108731377008858e-152)
(0.6974122237286193, 8.642278299235691e-153)
(0.6974730685958553, 5.679493802488566e-153)
(0.6974723076385012, 4.072432988132063e-153)
(0.6971818342353127, 4.4043113253817055e-153)
(0.6971549692446445, 3.2785442907131744e-153)
(0.6972989505605328, 1.9147473471492879e-153)
(0.6969519973230407, 2.2462998612860727e-153)
(0.6971091830753225, 1.2875525125013723e-153)
(0.6973154526252711, 6.87757815240711e-154)
(0.6974014764474, 4.358117225493527e-154)
(0.6974015293501058, 3.121659862644544e-154)
(0.6964269150681894, 8.984315754953034e-154)
(0.6965321725664563, 5.546315366369761e-154)
(0.6966086378340834, 3.566378722714041e-154)
(0.6966132496234122, 2.540691666979219e-154)
(0.696587692916158, 1.8897910048650414e-154)
(0.6966555931494651, 1.2296636824161418e-154)
(0.6966132550143479, 9.36920452160478e-155)
(0.6965280080767573, 7.592623827419193e-155)
(0.6964861414287491, 5.782632359013978e-155)
(0.6966202661711883, 3.420439593140767e-155)
(0.6965519360458592, 2.706154025054513e-155)
(0.6965466157815016, 1.9556937274409774e-155)
(0.6966095164335512, 1.2810215406638525e-155)
(0.6965520530422831, 9.980343104484993e-156)
(0.6964497623393082, 8.296435552402416e-156)
(0.6966343139508738, 4.557796828471302e-156)
(0.6972615998260777, 1.3171394209233477e-156)
(0.6970426121406794, 1.296799880520022e-156)
(0.6969195136611196, 1.1112671540062043e-156)
(0.6966498720948113, 1.178282298414143e-156)
(0.696716380303156, 7.671086616409068e-157)
(0.6965858396827973, 6.649744146560934e-157)
(0.6966398579052322, 4.408354742845628e-157)
(0.6968238942953324, 2.4176675735313636e-157)
(0.6967552499399, 1.9157894457681244e-157)
(0.6967137437140655, 1.4593710544173535e-157)
(0.6957978546518112, 3.978453398689728e-157)
(0.6960913262463814, 1.8620758897033932e-157)
(0.6951769272527397, 5.064698512699427e-157)
(0.695595445271156, 1.977695188050321e-157)
(0.694932591242423, 3.732118377115889e-157)
(0.6949483720030306, 2.621463170006272e-157)
(0.6944289339349998, 4.015669019083456e-157)
(0.694225552498488, 3.8835839728709935e-157)
(0.6940097581051442, 3.825456126852491e-157)
(0.6939367948173946, 3.061618529049527e-157)
(0.6936693414730523, 3.253344506508414e-157)
(0.694117125994357, 1.218853391543564e-157)
(0.6940803459105829, 9.254323232470488e-158)
(0.6941361344880493, 6.137284876567191e-158)
(0.6938435588190157, 6.775763391068254e-158)
(0.694030358855624, 3.709945387743404e-158)
(0.6940177611352247, 2.719513704722633e-158)
(0.6940268163945021, 1.931207403942107e-158)
(0.6940234735037848, 1.3965793270476666e-158)
(0.6932876669030225, 2.960036064065315e-158)
(0.6931366117970483, 2.661033920789984e-158)
(0.6932324588001445, 1.6655974549936202e-158)
(0.6934504681479745, 8.708448454150453e-159)
(0.6937647623491769, 3.9473627757513927e-159)
(0.69375309908318, 2.8909303855497154e-159)
(0.6934215125865483, 3.394733796033459e-159)
(0.693363900397055, 2.66188069783635e-159)
(0.6926689656369659, 5.343229717363962e-159)
(0.6926705032252137, 3.8433750027648405e-159)
(0.692373925330219, 4.2907132953643114e-159)
(0.6924206359906746, 2.8884785040113017e-159)
(0.6919617410318539, 4.099278610827227e-159)
(0.6919575602383269, 2.9763786117944647e-159)
(0.6922457803331322, 1.4030522680423597e-159)
(0.692294129721398, 9.421994983041328e-160)
(0.6921386731701135, 8.554994713542688e-160)
(0.6916677000144771, 1.2392577114680185e-159)
(0.6917118982371282, 8.379596337092978e-160)
(0.6913810651157688, 9.871886146229691e-160)
(0.6913868012684219, 7.06885164349241e-160)
(0.6912445667956679, 6.302596144565241e-160)
(0.6910331211813199, 6.227825209358236e-160)
(0.6911835208758776, 3.5999262223459415e-160)
(0.6910743578896358, 3.057967413935633e-160)
(0.6910357950224335, 2.3395242101313754e-160)
(0.6912388851284953, 1.2496173910350538e-160)
(0.6912625331816535, 8.713681047838151e-161)
(0.6913608335663955, 5.435666384493732e-161)
(0.6914168218246185, 3.610804668095699e-161)
(0.6907848373969528, 6.696550763597116e-161)
(0.6909122857311722, 4.001644234496709e-161)
(0.6909758200277839, 2.6297887432026013e-161)
(0.6913585168146773, 1.0715627157851654e-161)
(0.6919259389197643, 3.301927277041836e-162)
(0.6911523558313952, 7.614251007487276e-162)
(0.6910693493380857, 6.230019196627915e-162)
(0.690459686894906, 1.1229883537497243e-161)
(0.6903218370005698, 9.983143721477295e-162)
(0.6903578677553277, 6.83989637337624e-162)
(0.690634699433905, 3.2636424396183077e-162)
(0.690446287337427, 3.1318655428901517e-162)
(0.6902145758817471, 3.208401400436104e-162)
(0.6897431670802245, 4.712567975278908e-162)
(0.6892519849750744, 7.129404295671251e-162)
(0.6891015903589818, 6.470216057742778e-162)
(0.6876813526990541, 3.928390346497774e-161)
(0.6879312976399509, 1.96207422291005e-161)
(0.6882517869233562, 8.807593039573279e-162)
(0.6880704947625901, 8.382076770960029e-162)
(0.6882107591751011, 4.925720627273207e-162)
(0.6888997075254982, 1.266945981242996e-162)
(0.6898369380139678, 2.2277166130237052e-163)
(0.6905213950850994, 5.7069696309722905e-164)
(0.6909517779678466, 2.1432567742943332e-164)
(0.6914913553594395, 6.796798760864339e-165)
(0.6916208700922737, 4.025721305105911e-165)
(0.6911532916551728, 5.943377979612826e-165)
(0.6917217088508807, 1.797702040667346e-165)
(0.6918656060953748, 1.0404670220952146e-165)
(0.6918844284708754, 7.295077327857769e-166)
(0.6920777959071424, 3.90969393131119e-166)
(0.6919512203858262, 3.428238438194659e-166)
(0.691694827391185, 3.672310187399648e-166)
(0.6897567892228363, 5.1933706443612545e-165)
(0.6892816835311728, 7.771107675762125e-165)
(0.6897310704202949, 2.829500800190786e-165)
(0.6897332475477602, 2.0410435142796237e-165)
(0.6899209367516728, 1.1075013702157232e-165)
(0.6897162286585323, 1.097443454412312e-165)
(0.6902357508116339, 3.571956882865579e-166)
(0.6895526877102585, 7.392336104140234e-166)
(0.6899949291265213, 2.7087340223731402e-166)
(0.689730397667066, 2.946493369853831e-166)
(0.6901302424762342, 1.1505619084261297e-166)
(0.6905762899397475, 4.173955094189339e-167)
(0.6913736281874584, 8.75096459721133e-168)
(0.691758772980509, 3.4687699463192083e-168)
(0.6917939036406017, 2.37028577911731e-168)
(0.6917820649028134, 1.74276968950888e-168)
(0.6921072169406742, 7.564909665169953e-169)
(0.6913456723034334, 1.7958705120071293e-168)
(0.6912261155273103, 1.5633961936901772e-168)
(0.6905006741265498, 3.504479611372754e-168)
(0.6904033880703012, 2.9490230316062874e-168)
(0.6906239101678984, 1.5112786921210918e-168)
(0.6908768940506683, 7.354618874585323e-169)
(0.6914016728990875, 2.3340734705227818e-169)
(0.6914921213587611, 1.4622616815575342e-169)
(0.6914357092010918, 1.1538361871515965e-169)
(0.6917704822770269, 4.9177247691582895e-170)
(0.6912662745111338, 7.857026137067293e-170)
(0.6914765203818757, 4.0742898070925496e-170)
(0.6909593556246191, 6.64879360341178e-170)
(0.6903913303086225, 1.174949512035325e-169)
(0.6906746607215093, 5.438288781879167e-170)
(0.6900637598197477, 1.028955090209176e-169)
(0.6902640462406163, 5.429998082946395e-170)
(0.6906014028969237, 2.3061151078239414e-170)
(0.6907788831034011, 1.259250624306789e-170)
(0.6909775652471724, 6.644532396075544e-171)
(0.6909671492330574, 4.88112383240019e-171)
(0.6906873330085057, 5.497118453862887e-171)
(0.6905679629564253, 4.801795909032808e-171)
(0.6908039120971562, 2.386893376562276e-171)
(0.6909391975117601, 1.3911928213188605e-171)
(0.6908965004309218, 1.075994572574142e-171)
(0.6914914187679794, 3.010649943712718e-172)
(0.6913041760261341, 2.9319839961706146e-172)
(0.6908165213868934, 4.613347188457491e-172)
(0.6906598010550573, 4.281693841963288e-172)
(0.6906213132927449, 3.291317136461408e-172)
(0.6908178288481741, 1.737956841990018e-172)
(0.6911093987235549, 7.874812208378336e-173)
(0.6906390360804605, 1.2087000386912346e-172)
(0.6911359908422944, 3.9384235352235586e-173)
(0.691275107215396, 2.275260367876046e-173)
(0.6898062533235103, 1.7333333790909532e-172)
(0.689300717200278, 2.814783273855244e-172)
(0.6888386084782673, 4.263591805311549e-172)
(0.6884005314055771, 6.214360591758773e-172)
(0.6883207294519151, 5.117180816078721e-172)
(0.6882527143485458, 4.135906253979401e-172)
(0.6884272579528566, 2.2694692886598814e-172)
(0.6884476582414203, 1.5925676505328763e-172)
(0.6882674763532953, 1.5404365436584935e-172)
(0.6881499003154677, 1.3483506514266573e-172)
(0.6881760655704054, 9.377904879003645e-173)
(0.6885011273377384, 4.03794431388365e-173)
(0.6886819935717431, 2.1889801233756123e-173)
(0.6886427744446254, 1.6898227666925397e-173)
(0.6886354536504805, 1.2393137564074705e-173)
(0.6881552011997342, 1.945859234032997e-173)
(0.6882415567688919, 1.2281347238465987e-173)
(0.6883979148661624, 6.92238136967082e-174)
(0.6884484203712498, 4.626184255181289e-174)
(0.688387056822874, 3.7033390883555185e-174)
(0.6879903281870573, 5.095356666997979e-174)
(0.6882120991195283, 2.5833108853489815e-174)
(0.6873728634109757, 7.264052634199516e-174)
(0.68717024874003, 7.311822356435601e-174)
(0.6871382896761243, 5.590804022528007e-174)
(0.6867409405357211, 7.707484908025308e-174)
(0.6864896234755039, 8.398156217983775e-174)
(0.6864753761917821, 6.246051765911792e-174)
(0.6873540541502053, 1.0966657721227023e-174)
(0.6874165786199014, 7.194611154079417e-175)
(0.6874959512613262, 4.59178641714844e-175)
(0.687990687836692, 1.4909274483861497e-175)
(0.6887775345404558, 2.9954158541774674e-176)
(0.6891718170605268, 1.1384204111005015e-176)
(0.688802835944312, 1.50926283818628e-176)
(0.6886356434185417, 1.438220542488742e-176)
(0.6888275994770829, 7.610212833535716e-177)
(0.6883405313435278, 1.2255757818843108e-176)
(0.6892361450916051, 2.0415647358112778e-177)
(0.689515203146194, 9.336496729348732e-178)
(0.6890313843449398, 1.5004356394245966e-177)
(0.6892500646775491, 7.579767428683548e-178)
(0.6893190818604683, 4.898398164205851e-178)
(0.6895006698114088, 2.62745712203693e-178)
(0.6893701508195563, 2.36077501917761e-178)
(0.6887300920526584, 4.9250596740940067e-178)
(0.6888352302559236, 3.000019200487971e-178)
(0.6879142807665327, 9.946976285019122e-178)
(0.6873114068163614, 1.9484185385182955e-177)
(0.6874967683585445, 1.0424307051832838e-177)
(0.6878294404351898, 4.36993676818008e-178)
(0.6879034999841465, 2.805398574711701e-178)
(0.688085493896975, 1.505954175460504e-178)
(0.688066607747637, 1.1270613689171765e-178)
(0.6880637418369212, 8.214221206192974e-179)
(0.688061940839192, 5.976143714224776e-179)
(0.6883528264524632, 2.6731809141964123e-179)
(0.6883551351655226, 1.930866973155106e-179)
(0.6877556598605747, 3.7952127641243656e-179)
(0.6869561574268738, 1.0384492508039528e-178)
(0.6872150704690774, 4.908618525541333e-179)
(0.6872850713954085, 3.1730091729533326e-179)
(0.6877481214951779, 1.0656647078214762e-179)
(0.6881038351231826, 4.270683647507128e-180)
(0.6889169648557785, 7.938232886617346e-181)
(0.6894415868284155, 2.3820594789425424e-181)
(0.6893989309156284, 1.8531459740442338e-181)
(0.6893906381653603, 1.3607376949890892e-181)
(0.6894369295447175, 9.113493447055279e-182)
(0.689671357128683, 4.442127434553635e-182)
(0.6898514951089808, 2.3711080653687578e-182)
(0.6899248024097202, 1.5156167748622704e-182)
(0.6906542946437836, 3.1798031525056225e-183)
(0.6906964571762292, 2.139593633356171e-183)
(0.6911221616391593, 7.487379360473377e-184)
(0.6911474992319804, 5.180344555538184e-184)
(0.6912710995273935, 3.0298950174404955e-184)
(0.6913876076125947, 1.7929970531670378e-184)
(0.6914094491549968, 1.2473627552628465e-184)
(0.6912052763839267, 1.2781434184796976e-184)
(0.6914031601406708, 6.576193053008436e-185)
(0.6919078802014785, 1.994863833588e-185)
(0.6925178279411787, 5.03070760113665e-186)
(0.6921601642407446, 6.725943413949156e-186)
(0.691885257269229, 7.797203823518969e-186)
(0.691524219556758, 1.0487483044449278e-185)
(0.6914897761225705, 8.036104099093857e-186)
(0.6910950556705577, 1.1459995927826517e-185)
(0.6904880100059521, 2.3547343566469315e-185)
(0.69101194478599, 6.904085653390796e-186)
(0.6906711645796618, 8.979472676574068e-186)
(0.6905032164280633, 8.671501517892208e-186)
(0.6905024868357172, 6.277850613289387e-186)
(0.6905000976249961, 4.55798508110545e-186)
(0.6906466511390559, 2.5582968589866887e-186)
(0.6904310323435724, 2.6851601724385516e-186)
(0.6908112602470937, 1.0053437977388785e-186)
(0.6906635619885014, 9.386213021505977e-187)
(0.6907078553119923, 6.283600652055324e-187)
(0.6910022634920044, 2.723943618848732e-187)
(0.691398615870942, 9.873584244837853e-188)
(0.691574360182866, 5.2484103380851816e-188)
(0.6913411778702826, 5.692504804869157e-188)
(0.6921428752272811, 1.0121615330988597e-188)
(0.6921643042277691, 7.033430687586755e-189)
(0.6921417933156961, 5.278752902271597e-189)
(0.691933523387898, 5.48852921811637e-189)
(0.6915371948450821, 7.93688972648807e-189)
(0.6921095773187266, 2.098040342407985e-189)
(0.6924101415140496, 8.918927930171167e-190)
(0.6928228437485567, 3.1061334403144135e-190)
(0.6928146005034475, 2.2718611933635193e-190)
(0.6929706663331753, 1.2426431002893448e-190)
(0.6933576839396676, 4.510938230994674e-191)
(0.6937543458224062, 1.6062731786387164e-191)
(0.6928736993589668, 5.5240812762800074e-191)
(0.6927766229382688, 4.7297475908017134e-191)
(0.6926969299533938, 3.9274163908768944e-191)
(0.6928580093575187, 2.1271037973922675e-191)
(0.6926615605347255, 2.1737766521144298e-191)
(0.6927083354652643, 1.442219881403999e-191)
(0.6929258518445838, 7.059541237519321e-192)
(0.691941925092848, 2.9281285562382196e-191)
(0.6918006699595156, 2.715687285875526e-191)
(0.6905566622417187, 1.7772466266166424e-190)
(0.6909468989404436, 6.439455235054158e-191)
(0.6908999155861337, 5.057610497961391e-191)
(0.6909492844428745, 3.3485006898558056e-191)
(0.6914577144437484, 9.80058865748026e-192)
(0.6914387406360527, 7.320695596313376e-192)
(0.6912529802210695, 7.36033083615382e-192)
(0.6915659670066387, 3.0427534089969415e-192)
(0.6920942829671616, 8.544705225542852e-193)
(0.6918427281166213, 9.671553557406845e-193)
(0.6923253342997199, 2.9397167006932103e-193)
(0.6928117310316477, 8.848153342333024e-194)
(0.6932957650142094, 2.6664253387922797e-194)
(0.693666606360335, 9.83053377486828e-195)
(0.6938721543147569, 4.879426607688731e-195)
(0.6936405638687484, 5.342608391504602e-195)
(0.6936526850696978, 3.7634230345863595e-195)
(0.6939075110212345, 1.7068608326809606e-195)
(0.6941193490502489, 8.360773026844483e-196)
(0.6940132434567952, 7.296982632131514e-196)
(0.6940889281214613, 4.575860314257498e-196)
(0.6942935158627402, 2.2680984082512386e-196)
(0.6946465603766347, 8.564701103273804e-197)
(0.6946622258333193, 5.984857671173776e-197)
(0.6949075011276861, 2.7466520529732304e-197)
(0.6949135646607669, 1.9525676225216142e-197)
(0.6949508320974384, 1.3108072672489662e-197)
(0.694941147147557, 9.59105178621386e-198)
(0.695286524204453, 3.6532667308187344e-198)
(0.6951431588541572, 3.4174621886458094e-198)
(0.6954381379719133, 1.426030694507822e-198)
(0.6955369571060166, 8.535788017294628e-199)
(0.6954501642531125, 7.196562275291234e-199)
(0.695462659233663, 5.051383318374918e-199)
(0.6956131562652557, 2.7466345861633455e-199)
(0.6953574119871638, 3.1666515626121653e-199)
(0.6955633120332724, 1.553643965929288e-199)
(0.6963492021446697, 2.592429910847753e-200)
(0.694943394112092, 2.528022692518001e-199)
