0.80
0.88
0.77
0.88
0.72
0.49
0.85
0.65
0.95
0.82
0.47
0.75
0.91
0.57
0.81
0.94
0.69
0.24
0.98
0.89
0.80
0.86
0.92
0.59
0.79
0.52
0.92
0.84
0.41
0.19
0.78
0.51
0.87
0.45
0.40
0.82
0.85
0.41
0.88
0.86
0.90
0.87
0.96
0.58
0.54
0.90
0.41
0.84
0.61
0.77
0.45
0.77
0.86
0.67
0.79
0.89
0.50
0.81
0.88
0.70
0.74
0.61
0.69
0.74
0.80
0.93
0.76
0.96
0.32
0.41
0.40
0.58
0.87
0.89
0.62
0.84
0.78
0.53
0.91
0.39
0.89
0.97
0.91
0.47
0.77
0.57
0.91
0.88
0.86
0.53
0.85
0.67
0.64
0.75
0.72
0.82
0.76
0.84
0.90
0.46
0.10
0.59
0.77
0.86
0.09
0.96
0.23
0.81
0.69
0.89
0.77
0.77
0.81
0.95
0.87
0.85
0.24
0.86
0.68
0.89
0.90
0.78
0.78
0.79
0.44
0.54
0.63
0.78
0.74
0.20
0.83
0.91
0.23
0.61
0.81
0.71
0.86
0.87
0.56
0.47
0.84
0.95
0.74
0.79
0.80
0.93
0.52
0.84
0.91
0.27
0.57
0.88
0.68
0.91
0.93
0.80
0.97
0.81
0.25
0.93
0.72
0.67
0.90
0.75
0.87
0.21
0.87
0.74
0.93
0.67
0.67
0.37
0.66
0.70
0.71
0.81
0.94
0.69
0.62
0.91
0.85
0.87
0.98
0.44
0.61
0.81
0.86
0.86
0.41
0.90
0.75
0.82
0.63
0.93
0.46
0.91
0.87
0.45
0.62
0.89
0.13
0.34
0.58
0.83
0.42
0.87
0.88
0.71
0.26
0.36
0.94
0.89
0.35
0.88
0.52
0.44
0.85
0.94
0.35
0.60
0.57
0.39
0.73
0.96
0.46
0.88
0.84
0.85
0.86
0.69
0.85
0.34
0.74
0.85
0.97
0.93
0.85
0.87
0.87
0.85
0.70
0.72
0.36
0.50
0.88
0.43
0.95
0.68
0.82
0.44
0.76
0.87
0.23
0.90
0.98
0.95
0.61
0.90
0.96
0.91
0.42
0.77
0.81
0.50
0.40
0.75
0.25
0.58
0.26
0.90
0.70
0.29
0.55
0.86
0.90
0.34
0.24
0.76
0.28
0.34
0.55
0.42
0.86
0.66
0.73
0.28
0.92
0.56
0.89
0.92
0.75
0.78
0.77
0.43
0.88
0.37
0.91
0.84
0.10
0.41
0.92
0.88
0.92
0.94
0.78
0.42
0.80
0.98
0.18
0.77
0.91
0.48
0.97
0.80
0.91
0.82
0.74
0.62
0.68
0.90
0.70
0.92
0.85
0.86
0.89
0.83
0.18
0.30
0.94
0.70
0.68
0.59
0.84
0.29
0.82
0.65
0.52
0.97
0.75
0.76
0.87
0.93
0.80
0.88
0.79
0.74
0.61
0.43
0.88
0.47
0.59
0.77
0.66
0.87
0.63
0.65
0.21
0.94
0.92
0.71
0.78
0.46
0.90
0.73
0.32
0.85
0.96
0.81
0.23
0.92
0.44
0.96
0.90
0.43
0.77
0.93
0.64
0.86
0.96
0.88
0.90
0.69
0.86
0.69
0.36
0.56
0.19
0.87
0.77
0.83
0.66
0.95
0.55
0.28
0.88
0.29
0.23
0.18
0.28
0.29
0.82
0.84
0.36
0.73
0.91
0.89
0.81
0.43
0.46
0.79
0.82
0.81
0.81
0.59
0.35
0.89
0.76
0.94
0.86
0.77
0.73
0.75
0.86
0.79
0.83
0.85
0.25
0.71
0.61
0.80
0.83
0.74
0.86
0.79
0.75
0.21
0.21
0.70
0.96
0.58
0.83
0.64
0.90
0.78
0.21
0.72
0.43
0.93
0.71
0.58
0.91
0.80
0.77
0.72
0.80
0.77
0.03
0.18
0.92
0.76
0.31
0.94
0.78
0.34
0.96
0.62
0.84
0.94
0.92
0.94
0.80
0.71
0.96
0.75
0.63
0.58
0.92
0.74
0.83
0.83
0.95
0.92
0.80
0.38
0.95
0.82
0.72
0.69
0.62
0.93
0.98
0.41
0.42
0.63
0.85
0.82
0.80
0.74
0.93
0.73
0.77
0.59
0.84
0.22
0.96
0.35
0.83
0.38
0.77
0.94
0.72
0.85
0.97
0.93
0.98
0.76
0.74
0.82
0.73
0.76
0.17
0.32
0.84
0.86
0.95
0.88
0.27
0.71
0.52
0.74
0.44
0.74
0.53
0.97
0.71
0.88
0.92
0.36
0.95
0.99
0.34
0.84
0.81
0.86
0.91
0.67
0.77
0.97
0.47
0.71
0.99
0.43
0.90
0.91
0.65
0.56
0.87
0.79
0.95
0.97
0.42
0.31
0.78
0.81
0.41
0.17
0.92
0.79
0.88
0.61
0.69
0.74
0.15
0.90
0.79
0.70
0.36
0.84
0.85
0.86
0.29
0.85
0.58
0.83
0.76
0.96
0.89
0.92
0.84
0.42
0.73
0.82
0.87
0.08
0.44
0.91
0.48
0.77
0.84
0.92
0.57
0.94
0.62
0.90
0.78
0.89
0.76
0.87
0.60
0.87
0.53
0.91
0.57
0.78
0.77
0.35
0.68
0.67
0.76
0.97
0.84
0.94
0.94
0.84
0.91
0.99
0.80
0.83
-0.01
0.92
0.92
0.66
0.49
0.78
0.87
0.93
0.91
0.96
0.72
0.82
0.56
0.91
0.87
0.70
0.91
0.81
0.79
0.87
0.90
0.70
0.84
0.32
0.99
0.84
0.74
0.83
0.79
0.95
0.69
0.81
0.28
0.82
0.89
0.96
0.56
0.83
0.81
0.96
0.92
0.85
0.90
0.51
0.84
0.85
0.96
0.94
0.90
0.99
0.90
0.71
0.66
0.34
0.90
0.86
0.73
0.74
0.78
0.88
0.67
0.75
0.82
0.78
0.61
0.89
0.81
0.92
0.81
0.86
0.84
0.88
0.43
0.94
0.81
0.86
0.35
0.86
0.51
0.71
0.41
0.84
0.88
0.91
0.15
0.83
0.24
0.61
0.68
0.88
0.67
0.67
0.47
0.97
0.16
0.70
0.44
0.72
0.79
0.77
0.94
0.90
0.69
0.96
0.85
0.91
0.45
0.81
0.90
0.89
0.87
0.98
0.94
0.79
0.26
0.50
0.79
0.73
0.31
0.93
0.61
0.66
