Flowers
 [0.5        0.5        0.5        0.5        0.5        0.5
 0.5        0.5        0.5        0.5        0.5        0.5
 0.5        0.5        0.5        0.5        0.5        0.5
 0.5        0.5        0.5        0.5        0.5        0.5
 0.5        0.46153846 0.46153846 0.46153846 0.46153846 0.46153846
 0.46153846 0.46153846 0.46153846 0.46153846 0.46153846 0.46153846
 0.46153846 0.46153846 0.46153846 0.46153846 0.46153846 0.46153846
 0.46153846 0.46153846 0.46153846 0.46153846 0.46153846 0.46153846
 0.46153846 0.46153846 0.53333333 0.53333333 0.53333333 0.53333333
 0.53333333 0.53333333 0.53333333 0.53333333 0.53333333 0.53333333
 0.53333333 0.53333333 0.53333333 0.53333333 0.53333333 0.53333333
 0.53333333 0.53333333 0.53333333 0.53333333 0.53333333 0.53333333
 0.53333333 0.53333333 0.53333333 0.52941176 0.52941176 0.52941176
 0.52941176 0.52941176 0.52941176 0.52941176 0.52941176 0.52941176
 0.52941176 0.52941176 0.52941176 0.52941176 0.52941176 0.52941176
 0.52941176 0.52941176 0.52941176 0.52941176 0.52941176 0.52941176
 0.52941176 0.52941176 0.52941176 0.52941176 0.5        0.5
 0.5        0.5        0.5        0.5        0.5        0.5
 0.5        0.5        0.5        0.5        0.5        0.5
 0.5        0.5        0.5        0.5        0.5        0.5
 0.5        0.5        0.5        0.5        0.5        0.61111111
 0.61111111 0.61111111 0.61111111 0.61111111 0.61111111 0.61111111
 0.61111111 0.61111111 0.61111111 0.61111111 0.61111111 0.61111111
 0.61111111 0.61111111 0.61111111 0.61111111 0.61111111 0.61111111
 0.61111111 0.61111111 0.61111111 0.61111111 0.61111111 0.61111111
 0.53333333 0.53333333 0.53333333 0.53333333 0.53333333 0.53333333
 0.53333333 0.53333333 0.53333333 0.53333333 0.53333333 0.53333333
 0.53333333 0.53333333 0.53333333 0.53333333 0.53333333 0.53333333
 0.53333333 0.53333333 0.53333333 0.53333333 0.53333333 0.53333333
 0.53333333 0.57142857 0.57142857 0.57142857 0.57142857 0.57142857
 0.57142857 0.57142857 0.57142857 0.57142857 0.57142857 0.57142857
 0.57142857 0.57142857 0.57142857 0.57142857 0.57142857 0.57142857
 0.57142857 0.57142857 0.57142857 0.57142857 0.57142857 0.57142857
 0.57142857 0.57142857 0.53333333 0.53333333 0.53333333 0.53333333
 0.53333333 0.53333333 0.53333333 0.53333333 0.53333333 0.53333333
 0.53333333 0.53333333 0.53333333 0.53333333 0.53333333 0.53333333
 0.53333333 0.53333333 0.53333333 0.53333333 0.53333333 0.53333333
 0.53333333 0.53333333 0.53333333 0.6        0.6        0.6
 0.6        0.6        0.6        0.6        0.6        0.6
 0.6        0.6        0.6        0.6        0.6        0.6
 0.6        0.6        0.6        0.6        0.6        0.6
 0.6        0.6        0.6        0.6        0.46153846 0.46153846
 0.46153846 0.46153846 0.46153846 0.46153846 0.46153846 0.46153846
 0.46153846 0.46153846 0.46153846 0.46153846 0.46153846 0.46153846
 0.46153846 0.46153846 0.46153846 0.46153846 0.46153846 0.46153846
 0.46153846 0.46153846 0.46153846 0.46153846 0.46153846 0.5
 0.5        0.5        0.5        0.5        0.5        0.5
 0.5        0.5        0.5        0.5        0.5        0.5
 0.5        0.5        0.5        0.5        0.5        0.5
 0.5        0.5        0.5        0.5        0.5        0.5       ]
Happy
 [0.58333333 0.58333333 0.58333333 0.58333333 0.58333333 0.58333333
 0.58333333 0.58333333 0.58333333 0.58333333 0.58333333 0.58333333
 0.58333333 0.58333333 0.58333333 0.58333333 0.58333333 0.58333333
 0.58333333 0.58333333 0.58333333 0.58333333 0.58333333 0.58333333
 0.58333333 0.63636364 0.63636364 0.63636364 0.63636364 0.63636364
 0.63636364 0.63636364 0.63636364 0.63636364 0.63636364 0.63636364
 0.63636364 0.63636364 0.63636364 0.63636364 0.63636364 0.63636364
 0.63636364 0.63636364 0.63636364 0.63636364 0.63636364 0.63636364
 0.63636364 0.63636364 0.53846154 0.53846154 0.53846154 0.53846154
 0.53846154 0.53846154 0.53846154 0.53846154 0.53846154 0.53846154
 0.53846154 0.53846154 0.53846154 0.53846154 0.53846154 0.53846154
 0.53846154 0.53846154 0.53846154 0.53846154 0.53846154 0.53846154
 0.53846154 0.53846154 0.53846154 0.46666667 0.46666667 0.46666667
 0.46666667 0.46666667 0.46666667 0.46666667 0.46666667 0.46666667
 0.46666667 0.46666667 0.46666667 0.46666667 0.46666667 0.46666667
 0.46666667 0.46666667 0.46666667 0.46666667 0.46666667 0.46666667
 0.46666667 0.46666667 0.46666667 0.46666667 0.66666667 0.66666667
 0.66666667 0.66666667 0.66666667 0.66666667 0.66666667 0.66666667
 0.66666667 0.66666667 0.66666667 0.66666667 0.66666667 0.66666667
 0.66666667 0.66666667 0.66666667 0.66666667 0.66666667 0.66666667
 0.66666667 0.66666667 0.66666667 0.66666667 0.66666667 0.4375
 0.4375     0.4375     0.4375     0.4375     0.4375     0.4375
 0.4375     0.4375     0.4375     0.4375     0.4375     0.4375
 0.4375     0.4375     0.4375     0.4375     0.4375     0.4375
 0.4375     0.4375     0.4375     0.4375     0.4375     0.4375
 0.61538462 0.61538462 0.61538462 0.61538462 0.61538462 0.61538462
 0.61538462 0.61538462 0.61538462 0.61538462 0.61538462 0.61538462
 0.61538462 0.61538462 0.61538462 0.61538462 0.61538462 0.61538462
 0.61538462 0.61538462 0.61538462 0.61538462 0.61538462 0.61538462
 0.61538462 0.58333333 0.58333333 0.58333333 0.58333333 0.58333333
 0.58333333 0.58333333 0.58333333 0.58333333 0.58333333 0.58333333
 0.58333333 0.58333333 0.58333333 0.58333333 0.58333333 0.58333333
 0.58333333 0.58333333 0.58333333 0.58333333 0.58333333 0.58333333
 0.58333333 0.58333333 0.53846154 0.53846154 0.53846154 0.53846154
 0.53846154 0.53846154 0.53846154 0.53846154 0.53846154 0.53846154
 0.53846154 0.53846154 0.53846154 0.53846154 0.53846154 0.53846154
 0.53846154 0.53846154 0.53846154 0.53846154 0.53846154 0.53846154
 0.53846154 0.53846154 0.53846154 0.53846154 0.53846154 0.53846154
 0.53846154 0.53846154 0.53846154 0.53846154 0.53846154 0.53846154
 0.53846154 0.53846154 0.53846154 0.53846154 0.53846154 0.53846154
 0.53846154 0.53846154 0.53846154 0.53846154 0.53846154 0.53846154
 0.53846154 0.53846154 0.53846154 0.53846154 0.63636364 0.63636364
 0.63636364 0.63636364 0.63636364 0.63636364 0.63636364 0.63636364
 0.63636364 0.63636364 0.63636364 0.63636364 0.63636364 0.63636364
 0.63636364 0.63636364 0.63636364 0.63636364 0.63636364 0.63636364
 0.63636364 0.63636364 0.63636364 0.63636364 0.63636364 0.58333333
 0.58333333 0.58333333 0.58333333 0.58333333 0.58333333 0.58333333
 0.58333333 0.58333333 0.58333333 0.58333333 0.58333333 0.58333333
 0.58333333 0.58333333 0.58333333 0.58333333 0.58333333 0.58333333
 0.58333333 0.58333333 0.58333333 0.58333333 0.58333333 0.58333333]
