0	gender_F
1	gender_M
2	465.9
3	V20.2
4	V30.00
5	382.9
6	462
7	V70.0
8	558.9
9	493.90
10	V72.6
11	V20.1
12	401.9
13	079.9
14	789.00
15	V72.3
16	079.99
17	784.0
18	599.0
19	V27.0
20	782.1
21	V67.9
22	780.6
23	786.50
24	V22.2
25	650
26	V65.44
27	V30.0
28	V25.09
29	789.0
30	285.9
31	799.9
32	V30.01
33	V04.81
34	786.2
35	V62.89
36	486
37	616.10
38	372.30
39	692.9
40	724.2
41	V22.1
42	729.5
43	787.03
44	V70.9
45	691.8
46	079.89
47	272.0
48	V22.0
49	787.91
50	250.00
51	530.81
52	873.40
53	V72.31
54	477.9
55	V72.9
56	V21.2
57	V58.3
58	719.40
59	311
60	V76.2
61	V67.0
62	780.60
63	V74.5
64	786.09
65	644.10
66	276.5
67	959.9
68	493.92
69	V05.3
70	682.9
71	995.3
72	278.00
73	625.9
74	729.1
75	724.5
76	V76.12
77	V25.01
78	V70.5
79	920
80	V64.2
81	780.4
82	V24.2
83	300.00
84	780.39
85	719.46
86	611.72
87	367.9
88	564.0
89	034.0
90	883.0
91	845.00
92	428.0
93	V82.9
94	646.90
95	882.0
96	780.3
97	786.05
98	V61.20
99	564.00
100	879.8
101	466.1
102	V72.4
103	664.01
104	389.00
105	706.1
106	389.9
107	V58.69
108	785.2
109	774.6
110	V65.49
111	E878.8
112	V06.1
113	367.1
114	959.7
115	V20.0
116	848.9
117	550.90
118	873.8
119	V23.9
120	464.4
121	493.91
122	599.7
123	473.9
124	V25.41
125	780.2
126	715.90
127	244.9
128	314.01
129	V45.89
130	691.0
131	112.0
132	719.41
133	038.9
134	623.8
135	723.1
136	709.9
137	466.19
138	V25.02
139	V03.82
140	414.01
141	873.0
142	780.79
143	708.9
144	786.07
145	770.8
146	V25.49
147	280.9
148	V04.89
149	296.20
150	V06.4
151	493.00
152	919.0
153	309.28
154	785.6
155	V05.4
156	367.0
157	V06.8
158	V03.81
159	783.4
160	605
161	785.1
162	535.00
163	E849.8
164	664.11
165	380.10
166	381.10
167	052.9
168	276.8
169	854.00
170	V24.0
171	784.7
172	427.89
173	V25.2
174	466.0
175	380.4
176	V67.00
177	518.0
178	401.1
179	490
180	684
181	787.0
182	719.47
183	959.5
184	367.20
185	V07.2
186	218.9
187	E879.8
188	388.70
189	745.5
190	493.9
191	644.13
192	795.5
193	372.00
194	272.4
195	427.31
196	309.0
197	296.30
198	305.00
199	783.40
200	625.3
201	315.39
202	774.2
203	V65.40
204	790.7
205	719.45
206	786.59
207	V65.4
208	787.01
209	285.1
210	747.0
211	300.4
212	V01.1
213	924.9
214	V72.0
215	891.0
216	626.2
217	578.9
218	474.10
219	250.02
220	626.0
221	V25.40
222	211.3
223	346.90
224	999.9
225	919.4
226	788.1
227	525.9
228	V68.1
229	305.1
230	782.3
231	654.21
232	466.11
233	533.90
234	V72.5
235	783.3
236	592.0
237	389.10
238	844.9
239	V74.1
240	644.21
241	V67.09
242	769
243	519.9
244	174.9
245	463
246	496
247	345.10
248	770.6
249	737.30
250	455.6
251	276.1
252	381.01
253	E849.9
254	278.01
255	315.9
256	745.4
257	816.00
258	931
259	644.03
260	461.9
261	V41.2
262	E878.1
263	847.0
264	E928.9
265	405.99
266	298.9
267	578.1
268	562.10
269	250.01
270	584.9
271	287.5
272	389.8
273	795.0
274	V62.81
275	614.9
276	519.1
277	511.9
278	536.8
279	716.90
280	276.2
281	078.10
282	133.0
283	327.23
284	824.8
285	626.8
286	648.91
287	789.07
288	640.00
289	110.9
290	815.00
291	425.4
292	782.0
293	368.8
294	367.4
295	V68.81
296	185
297	518.89
298	278.0
299	663.31
300	378.00
301	345.90
302	369.9
303	873.43
304	V10.3
305	540.9
306	722.10
307	686.9
308	518.81
309	873.44
310	785.0
311	611.71
312	309.4
313	424.0
314	733.90
315	593.9
316	478.1
317	620.2
318	E849.0
319	627.2
320	682.6
321	789.06
322	591
323	626.4
324	V70.7
325	635.92
326	997.3
327	042
328	918.1
329	455.0
330	569.3
331	276.51
332	199.1
333	706.2
334	315.31
335	658.11
336	110.0
337	E888.9
338	368.00
339	V26.3
340	850.0
341	781.9
342	V67.59
343	V72.2
344	477.0
345	303.90
346	041.4
347	765.18
348	921.9
349	729.81
350	436
351	305.60
352	959.01
353	427.9
354	034.1
355	V15.82
356	472.0
357	age_60
358	474.12
359	315.2
360	771.8
361	276.7
362	995.5
363	780.57
364	309.24
365	892.0
366	574.20
367	585
368	age_54
369	783.21
370	V58.61
371	112.9
372	709.2
373	age_26
374	656.31
375	414.00
376	625.8
377	477.8
378	age_21
379	216.9
380	age_8
381	309.9
382	V03.89
383	413.9
384	217
385	V04.8
386	312.9
387	550.92
388	V72.1
389	280.0
390	719.44
391	110.1
392	729.9
393	795.00
394	314.1
395	709.00
396	345.91
397	790.6
398	813.81
399	997.1
400	733.00
401	719.43
402	959.4
403	246.9
404	780.7
405	789.09
406	796.9
407	644.00
408	331.4
409	V72.81
410	age_49
411	366.10
412	460
413	age_5
414	age_0
415	age_16
416	710.0
417	age_82
418	age_47
419	314.00
420	305.90
421	783.41
422	813.42
423	458.9
424	553.1
425	343.9
426	603.9
427	428.1
428	057.9
429	age_30
430	724.4
431	age_45
432	V15.81
433	698.9
434	V76.51
435	V72.60
436	099.9
437	age_4
438	768.4
439	054.9
440	959.2
441	age_89
442	age_95
443	518.82
444	414.9
445	age_46
446	648.93
447	V72.41
448	381.3
449	age_10
450	age_24
451	411.1
452	786.00
453	788.30
454	784.2
455	age_78
456	714.0
457	V72.84
458	age_9
459	487.1
460	789.03
461	366.16
462	age_39
463	V31.01
464	682.2
465	300.9
466	age_84
467	age_41
468	age_81
469	age_3
470	571.5
471	age_73
472	age_67
473	482.9
474	282.60
475	787.02
476	079.98
477	787.2
478	786.52
479	age_96
480	age_57
481	age_18
482	age_63
483	age_35
484	age_88
485	age_29
486	age_19
487	507.0
488	078.0
489	age_56
490	959.3
491	692.2
492	577.0
493	661.11
494	age_51
495	age_99
496	412
497	age_77
498	age_90
499	age_100
500	age_33
501	443.9
502	365.11
503	628.9
504	age_94
505	375.15
506	632
507	E878.2
508	age_83
509	959.8
510	555.9
511	704.8
512	747.3
513	age_69
514	846.0
515	age_20
516	age_79
517	age_91
518	age_43
519	766.1
520	age_12
521	746.9
522	age_25
523	V68.9
524	259.1
525	age_40
526	842.10
527	648.21
528	782.2
529	age_38
530	age_36
531	age_17
532	age_7
533	289.3
534	781.3
535	age_58
536	age_53
537	313.81
538	age_22
539	age_80
540	174.8
541	564.1
542	715.96
543	078.1
544	age_59
545	682.3
546	age_97
547	414.0
548	658.01
549	403.91
550	age_92
551	781.0
552	634.90
553	age_44
554	age_14
555	793.80
556	997.4
557	age_98
558	070.54
559	age_15
560	585.9
561	590.10
562	age_42
563	381.4
564	770.1
565	873.42
566	age_74
567	age_61
568	age_93
569	age_70
570	age_64
571	age_87
572	079.0
573	765.1
574	V29.0
575	493.02
576	age_71
577	age_27
578	528.0
579	238.2
580	V71.9
581	age_72
582	600
583	788.41
584	989.9
585	age_50
586	age_52
587	599.9
588	354.0
589	752.51
590	590.80
591	age_1
592	616.0
593	881.00
594	011.90
595	383.1
596	V25.42
597	age_75
598	924.5
599	age_76
600	age_68
601	age_48
602	553.3
603	079
604	age_13
605	age_2
606	658.21
607	age_85
608	age_62
609	age_66
610	age_31
611	573.9
612	008.8
613	932
614	379.91
615	age_37
616	286.9
617	595.0
618	788.0
619	842.00
620	799.02
621	704.00
622	535.10
623	780.53
624	470
625	659.71
626	949.0
627	840.9
628	age_28
629	age_6
630	518.5
631	117.9
632	age_23
633	age_55
634	162.9
635	250.50
636	645.11
637	414.8
638	474.0
639	age_86
640	319
641	765.19
642	218.0
643	295.90
644	814.00
645	age_34
646	924.11
647	V65.45
648	623.5
649	610.1
650	198.5
651	V44.1
652	V61.21
653	V58.32
654	789.01
655	V06.5
656	646.61
657	782.4
658	938
659	373.2
660	522.5
661	110.5
662	523.1
663	829.0
664	652.21
665	345.41
666	997.5
667	845.10
668	345.9
669	560.9
670	664.21
671	V79.3
672	614.6
673	age_11
674	622.1
675	996.62
676	923.21
677	348.3
678	E878.0
679	813.41
680	789.5
681	693.1
682	454.9
683	491.9
684	V25.0
685	634.91
686	781.2
687	202.80
688	733.99
689	427.1
690	682.0
691	V58.1
692	658.41
693	884.0
694	288.0
695	241.0
696	752.5
697	427.5
698	560.1
699	791.0
700	age_32
701	696.1
702	282.62
703	263.9
704	424.1
705	535.5
706	301.83
707	611.1
708	779.3
709	366.17
710	340
711	825.20
712	416.0
713	640.03
714	515
715	724.02
716	765.10
717	315.8
718	age_65
719	E933.1
720	E917.9
721	V42.0
722	357.9
723	727.3
724	597.80
725	648.22
726	924.20
727	V67.1
728	282.5
729	541
730	V64.3
731	715.09
732	365.00
733	373.11
734	923.3
735	371.20
736	373.00
737	977.9
738	788.20
739	818.0
740	V45.81
741	301.9
742	745.2
743	607.1
744	V61.8
745	644.20
746	690.10
747	274.9
748	642.41
749	701.4
750	768.3
751	112.1
752	924.8
753	787.20
754	493.20
755	780.9
756	553.9
757	295.30
758	734
759	V65.3
760	041.11
761	922.9
762	242.90
763	216.5
764	756.0
765	111.0
766	715.16
767	770.7
768	300.01
769	555.2
770	285.21
771	355.9
772	802.0
773	728.85
774	110.4
775	V58.11
776	758.0
777	726.10
778	530.1
779	847.9
780	V02.51
781	775.5
782	V16.3
783	351.0
784	703.0
785	284.8
786	770.2
787	574.10
788	995.50
789	277.00
790	646.63
791	259.9
792	719.00
793	088.81
794	V63.8
795	719.42
796	995.53
797	V58.0
798	836.2
799	629.9
800	E885.9
801	585.6
802	998.8
803	736.89
804	191.9
805	305.61
806	530.11
807	696.3
808	278.02
809	790.99
810	722.52
811	V71.89
812	378.10
813	389.11
814	366.9
815	239.2
816	565.0
817	097.9
818	812.20
819	296.60
820	379.90
821	760.72
822	635.90
823	V16.0
824	780.31
825	V62.9
826	V67.2
827	136.9
828	706.8
829	345.40
830	790.4
831	573.3
832	V55.1
833	701.9
834	153.9
835	707.9
836	535.50
837	453.8
838	585.3
839	V04.0
840	322.9
841	850.9
842	996.1
843	998.2
844	E888
845	V28.3
846	775.6
847	754.30
848	569.89
849	794.8
850	847.2
851	826.0
852	198.89
853	831.00
854	416.8
855	V15.89
856	786.6
857	218.1
858	682.7
859	197.0
860	726.90
861	723.5
862	296.7
863	870.0
864	724.9
865	V76.44
866	434.91
867	998.5
868	195.0
869	733.6
870	239.8
871	V64.1
872	780.52
873	765.29
874	555.0
875	823.80
876	V25.1
877	682.8
878	682.5
879	474.11
880	788.2
881	922.1
882	473.0
883	V45.2
884	428.9
885	707.1
886	098.0
887	528.9
888	493
889	709.0
890	998.59
891	197.7
892	633.9
893	296.50
894	300.02
895	608.9
896	788.3
897	568.0
898	345.11
899	V15.3
900	786.5
901	923.11
902	944.00
903	V31.00
904	435.9
905	362.9
906	923.20
907	492.8
908	686.1
909	535.60
910	E920.8
911	719.4
912	825.25
913	427.32
914	998.11
915	276.0
916	053.9
917	227.3
918	813.80
919	242.00
920	709.09
921	315.5
922	V70.3
923	773.1
924	V71.09
925	V42.1
926	303.91
927	593.70
928	521.0
929	378.9
930	V57.89
931	239.6
932	V12.72
933	309.3
934	V58.81
935	305.01
936	569.49
937	959.0
938	535.40
939	930.9
940	453.9
941	784.5
942	836.0
943	747.10
944	787.3
945	431
946	372.14
947	752.6
948	174.4
949	135
950	810.00
951	276.50
952	693.0
953	789
954	765.17
955	984.9
956	356.9
957	794.31
958	596.54
959	008.45
960	735.0
961	611.79
962	786.3
963	784.1
964	V08
965	735.4
966	747.81
967	362.21
968	V76.1
969	424.90
970	592.1
971	823.82
972	681.00
973	579.0
974	771.81
975	367.31
976	041.3
977	189.0
978	571.9
979	890.0
980	V45.82
981	364.3
982	748.3
983	313.0
984	584.5
985	V72
986	832.00
987	429.9
988	346.9
989	388.30
990	250.03
991	287.4
992	752.61
993	438
994	586
995	722.2
996	717.7
997	959.1
998	645.01
999	427.0
1000	648.83
1001	218.2
1002	381.81
1003	695.3
1004	304.21
1005	706.3
1006	681.9
1007	764.08
1008	789.04
1009	371.9
1010	263.1
1011	723.4
1012	883.1
1013	879.6
1014	881.02
1015	746.89
1016	070.9
1017	625.6
1018	661.01
1019	553.20
1020	775.0
1021	718.81
1022	079.8
1023	282.61
1024	661.41
1025	790.29
1026	607.84
1027	530.10
1028	799.4
1029	512.8
1030	786.7
1031	268.9
1032	388.9
1033	272.2
1034	923.00
1035	611.9
1036	996.2
1037	537.89
1038	276.6
1039	627.1
1040	240.9
1041	719.50
1042	776.6
1043	384.20
1044	403.90
1045	332.0
1046	041.7
1047	989.5
1048	566
1049	998.1
1050	812.40
1051	415.19
1052	719.96
1053	041.1
1054	754.70
1055	783.0
1056	251.2
1057	770.89
1058	795.01
1059	842.13
1060	308.3
1061	041.02
1062	996.81
1063	600.00
1064	309.89
1065	659.63
1066	715.95
1067	E968.2
1068	V25.9
1069	575.9
1070	793.1
1071	611.0
1072	790.93
1073	681.02
1074	348.30
1075	397.0
1076	V12.51
1077	555.1
1078	727.41
1079	754.53
1080	783.43
1081	682.4
1082	796.2
1083	456.4
1084	343.2
1085	663.11
1086	374.9
1087	309.81
1088	474.00
1089	410.71
1090	112.2
1091	295.70
1092	724.3
1093	193
1094	E932.0
1095	E849.7
1096	V58.67
1097	V03.2
1098	372.3
1099	742.3
1100	519.8
1101	786.1
1102	348.8
1103	430
1104	780.09
1105	553.21
1106	437.3
1107	041.85
1108	250.60
1109	620.8
1110	E878.6
1111	V65.9
1112	V72.83
1113	536.2
1114	348.4
1115	V44.0
1116	074.0
1117	767.1
1118	556.9
1119	410.90
1120	648.81
1121	473.8
1122	823.00
1123	578.0
1124	786.51
1125	296.34
1126	294.8
1127	528.00
1128	220
1129	783.1
1130	571.8
1131	162.3
1132	V27.2
1133	595.9
1134	719.91
1135	305.20
1136	923.10
1137	V43.1
1138	813.00
1139	714.30
1140	047.9
1141	644.1
1142	705.81
1143	216.3
1144	V10.46
1145	480.9
1146	E988.9
1147	670.02
1148	621.0
1149	784
1150	755.63
1151	598.9
1152	812.00
1153	995.2
1154	304.90
1155	707.0
1156	626.9
1157	784.49
1158	V62.82
1159	562.11
1160	E849.5
1161	751.5
1162	599.70
1163	E885
1164	256.4
1165	368.40
1166	250.40
1167	746.02
1168	841.9
1169	V67
1170	V71.4
1171	228.01
1172	742.1
1173	V72.82
1174	041.19
1175	780.99
1176	574.00
1177	E966
1178	765.28
1179	786.9
1180	664.31
1181	423.9
1182	214.1
1183	300.29
1184	576.8
1185	998.3
1186	604.90
1187	627.3
1188	V45.02
1189	569.9
1190	780.61
1191	779.1
1192	E915
1193	637.90
1194	617.9
1195	727.00
1196	719
1197	038.8
1198	309.21
1199	346.10
1200	038.1
1201	778.8
1202	V45.01
1203	722.0
1204	579.3
1205	475
1206	287.3
1207	V70.1
1208	465
1209	V58.65
1210	593.7
1211	241.9
1212	382
1213	191.8
1214	998.89
1215	553.8
1216	433.10
1217	788.39
1218	V30.1
1219	V20.32
1220	377.9
1221	374.30
1222	575.0
1223	781.99
1224	304.00
1225	437.9
1226	485
1227	789.30
1228	626.6
1229	573.8
1230	593.4
1231	761.1
1232	647.61
1233	780.02
1234	371.00
1235	834.00
1236	376.01
1237	646.83
1238	924.01
1239	250.80
1240	757.39
1241	042.9
1242	833.00
1243	345.00
1244	188.9
1245	478.19
1246	780.96
1247	E968.9
1248	136.3
1249	765.16
1250	239.0
1251	426.4
1252	309.1
1253	784.9
1254	365.9
1255	593.89
1256	493.01
1257	E927
1258	459.81
1259	813.01
1260	726.2
1261	041.04
1262	198.3
1263	787.1
1264	481
1265	429.3
1266	710.9
1267	245.2
1268	E960.0
1269	786.06
1270	348.0
1271	742.9
1272	V54.8
1273	V15.1
1274	762.5
1275	473.2
1276	577.1
1277	755.01
1278	727.81
1279	910.0
1280	304.01
1281	611.8
1282	878.8
1283	530.19
1284	214.9
1285	593.2
1286	V72.7
1287	V09.0
1288	299.00
1289	V58.78
1290	581.9
1291	372.40
1292	E849.4
1293	615.9
1294	685.1
1295	239.7
1296	336.9
1297	608.2
1298	907.0
1299	E880.9
1300	V10.05
1301	390
1302	872.8
1303	727.04
1304	724.6
1305	041.0
1306	V61.6
1307	530.3
1308	531.90
1309	426.0
1310	301.89
1311	704.01
1312	881.01
1313	588.81
1314	840.4
1315	342.90
1316	583.81
1317	570
1318	599.1
1319	550.91
1320	443.0
1321	565.1
1322	233.0
1323	V42.7
1324	795.09
1325	296.82
1326	312.00
1327	702.19
1328	783.2
1329	535.0
1330	478.0
1331	642.31
1332	038.0
1333	041.86
1334	660.01
1335	778.6
1336	601.1
1337	225.0
1338	785.59
1339	285.29
1340	362.01
1341	820.8
1342	532.90
1343	719.7
1344	204.00
1345	633.1
1346	038.49
1347	996.4
1348	078.5
1349	540.0
1350	690
1351	666.12
1352	823.20
1353	727.03
1354	765.14
1355	E819.9
1356	V77.91
1357	044.9
1358	V12.59
1359	564.09
1360	289.9
1361	790.5
1362	729.2
1363	729.89
1364	379.23
1365	331.3
1366	375.00
1367	372.10
1368	345.3
1369	455.2
1370	745.10
1371	357.2
1372	796.4
1373	078.8
1374	681.11
1375	427.81
1376	924.3
1377	338.19
1378	843.9
1379	759.89
1380	724.00
1381	275.41
1382	364.00
1383	730.20
1384	571.40
1385	583.9
1386	342.9
1387	V71.8
1388	361.00
1389	274.0
1390	183.0
1391	736.81
1392	197.6
1393	654.23
1394	572.3
1395	V43.3
1396	455.3
1397	E849.6
1398	779.8
1399	802.8
1400	V59.4
1401	237.71
1402	987.9
1403	745.69
1404	564.01
1405	648.41
1406	410.9
1407	996.74
1408	789.9
1409	296.40
1410	596.8
1411	299.90
1412	V76.47
1413	V72.69
1414	709.8
1415	458.0
1416	785.51
1417	719.06
1418	514
1419	V20.31
1420	427.41
1421	V76.43
1422	742.59
1423	728.87
1424	556.6
1425	078.19
1426	041.8
1427	736.42
1428	634.92
1429	760.75
1430	933.0
1431	266.2
1432	690.12
1433	754.51
1434	244.0
1435	239.5
1436	296.80
1437	V27.1
1438	381.9
1439	162.8
1440	344.1
1441	V12.54
1442	715.98
1443	V58.30
1444	E887
1445	998.12
1446	682.1
1447	648.01
1448	348.1
1449	459.9
1450	836.3
1451	229.9
1452	756.6
1453	253.2
1454	V72.85
1455	789.3
1456	V42.82
1457	784.3
1458	603.8
1459	799.0
1460	659.41
1461	789.2
1462	379.21
1463	721.90
1464	289.81
1465	V49.81
1466	779.81
1467	616.2
1468	760.9
1469	289.1
1470	719.94
1471	823.81
1472	196.3
1473	191.0
1474	276.9
1475	728.71
1476	813.83
1477	958.3
1478	780.71
1479	789.02
1480	599
1481	252.0
1482	721.3
1483	886.0
1484	701.2
1485	571.2
1486	440.21
1487	288.00
1488	771.6
1489	627.9
1490	883.2
1491	560.81
1492	733.82
1493	757.33
1494	461.0
1495	201.90
1496	241.1
1497	807.00
1498	343.1
1499	070.32
1500	055.9
1501	945.00
1502	602.9
1503	704.1
1504	661.21
1505	010.91
1506	839.8
1507	620.1
1508	263.0
1509	E884.2
1510	344.61
1511	214.8
1512	827.0
1513	415.1
1514	447.6
1515	736.00
1516	204.01
1517	702.0
1518	281.9
1519	333.6
1520	600.0
1521	575.10
1522	379.92
1523	572.2
1524	314.8
1525	746.7
1526	733.42
1527	723.8
1528	959.09
1529	821.00
1530	880.00
1531	345.1
1532	844.2
1533	765.02
1534	359.9
1535	588.9
1536	999.2
1537	995.92
1538	E819.0
1539	790.92
1540	276.3
1541	709.01
1542	726.73
1543	795.79
1544	491.21
1545	275.2
1546	655.93
1547	V71.5
1548	765.03
1549	721.0
1550	763.4
1551	211.4
1552	349.0
1553	785.52
1554	309.23
1555	610.2
1556	286.7
1557	567.2
1558	656.11
1559	492.0
1560	252.00
1561	275.3
1562	659.61
1563	250.91
1564	783.22
1565	824.0
1566	653.41
1567	277.9
1568	054.10
1569	V76.0
1570	378.31
1571	738.0
1572	344.00
1573	575.1
1574	348.2
1575	610.0
1576	637.91
1577	288.60
1578	708.0
1579	282.7
1580	354.2
1581	512.1
1582	307.81
1583	372.72
1584	732.4
1585	772.6
1586	943.00
1587	494.0
1588	765.15
1589	745.3
1590	V28.9
1591	996.73
1592	474.02
1593	527.2
1594	736.79
1595	758.5
1596	873.4
1597	V15.85
1598	E906.0
1599	E884.9
1600	598.8
1601	295.60
1602	656.51
1603	362.50
1604	786.03
1605	785.4
1606	695.89
1607	070.51
1608	250.90
1609	727.9
1610	V43.65
1611	255.4
1612	403.9
1613	727.43
1614	E924.0
1615	948.00
1616	079.6
1617	585.2
1618	643.03
1619	608.89
1620	478.74
1621	517.8
1622	779.89
1623	V76.10
1624	444.22
1625	438.9
1626	296.33
1627	426.11
1628	753.21
1629	727.61
1630	569.0
1631	345.01
1632	188.8
1633	348.9
1634	814.01
1635	560.0
1636	V43.64
1637	701.1
1638	733.01
1639	205.00
1640	375.89
1641	V10.89
1642	893.0
1643	288.8
1644	348.5
1645	935.1
1646	255.0
1647	V58.49
1648	282.4
1649	715.11
1650	821.01
1651	038.42
1652	359.1
1653	338.29
1654	429.89
1655	199
1656	617.0
1657	780.1
1658	788.29
1659	741.90
1660	E884.4
1661	728.89
1662	750.5
1663	153.8
1664	722.4
1665	779.0
1666	079.81
1667	998.6
1668	228.00
1669	154.1
1670	386.11
1671	446.1
1672	196.0
1673	191.1
1674	617.1
1675	346.00
1676	457.1
1677	250.10
1678	427.69
1679	V45.1
1680	E819
1681	746.01
1682	284.1
1683	317
1684	778.4
1685	618.1
1686	312.20
1687	780.8
1688	304.20
1689	279.3
1690	996.78
1691	250.11
1692	782.5
1693	729.82
1694	628.2
1695	923.03
1696	873.20
1697	343.0
1698	225.2
1699	996.59
1700	E928.8
1701	353.0
1702	719.65
1703	812.41
1704	E879.0
1705	788.21
1706	300.21
1707	759.5
1708	V61.5
1709	742.4
1710	596.0
1711	V19.8
1712	365.01
1713	728.9
1714	243
1715	259.0
1716	789.59
1717	793.4
1718	754.0
1719	611.7
1720	368.13
1721	607.89
1722	569.42
1723	655.8
1724	V45.3
1725	776.1
1726	458.2
1727	813.05
1728	E878.4
1729	924.21
1730	765.27
1731	787.6
1732	362.83
1733	753.3
1734	313.3
1735	451.9
1736	775.7
1737	789.1
1738	750.0
1739	782.7
1740	090.9
1741	365.23
1742	759.9
1743	211.1
1744	V10.11
1745	577.8
1746	648.23
1747	426.7
1748	709.4
1749	999
1750	741.9
1751	331.0
1752	599.6
1753	197.2
1754	V01.8
1755	296.32
1756	360.00
1757	999.31
1758	709.3
1759	237.70
1760	194.0
1761	795.03
1762	429.2
1763	771.4
1764	V46.2
1765	343.8
1766	995.91
1767	377.10
1768	789.05
1769	V58.4
1770	008.61
1771	480.1
1772	715.91
1773	394.9
1774	E870.0
1775	E917.0
1776	429.4
1777	669.51
1778	459.89
1779	E814.7
1780	323.9
1781	656.41
1782	762.6
1783	576.2
1784	070.70
1785	478.29
1786	170.7
1787	736.41
1788	719.95
1789	155.0
1790	245.9
1791	788.43
1792	V61.1
1793	705.83
1794	V87.41
1795	787.7
1796	356.4
1797	300.3
1798	401.0
1799	379.50
1800	822.0
1801	572.8
1802	718.31
1803	521.00
1804	310.9
1805	379.93
1806	349.9
1807	726.71
1808	E878.3
1809	250.82
1810	E924.8
1811	V25.4
1812	618.0
1813	275.42
1814	305.50
1815	402.00
1816	375.56
1817	366.8
1818	V54.0
1819	754.31
1820	362.10
1821	813.44
1822	884.2
1823	723.9
1824	V42.6
1825	759.2
1826	438.89
1827	377.30
1828	454.0
1829	091.3
1830	455.9
1831	552.0
1832	582.9
1833	441.4
1834	776.4
1835	V31.0
1836	368.9
1837	812.21
1838	558
1839	V10.83
1840	302.72
1841	752.49
1842	655.83
1843	651.01
1844	432.1
1845	996.82
1846	376.89
1847	425.8
1848	614.2
1849	780.50
1850	521.09
1851	009.0
1852	795.02
1853	625.0
1854	627.0
1855	V55.0
1856	995.0
1857	362.02
1858	724.8
1859	216.6
1860	E947.9
1861	772.1
1862	V28.8
1863	836.1
1864	303.00
1865	726.0
1866	V21.1
1867	680.9
1868	V72.40
1869	E879.6
1870	250.70
1871	216.7
1872	182.0
1873	V07.3
1874	410.91
1875	E812.1
1876	577.2
1877	537.0
1878	959.6
1879	617.3
1880	600.21
1881	840.8
1882	V14.0
1883	478.9
1884	141.9
1885	941.00
1886	737.40
1887	239.3
1888	741.00
1889	216.4
1890	756.12
1891	237.5
1892	648.03
1893	750.3
1894	995.20
1895	V73.99
1896	746.81
1897	704.09
1898	196.2
1899	729.6
1900	456.1
1901	038.11
1902	V45.4
1903	564
1904	759.7
1905	905.4
1906	261
1907	285.8
1908	518.4
1909	305.91
1910	041.89
1911	835.00
1912	607.9
1913	174.1
1914	996.79
1915	813.21
1916	287.30
1917	V01.6
1918	290.0
1919	V10.02
1920	296.23
1921	787.99
1922	V25.43
1923	416.9
1924	131.9
1925	875.0
1926	272.1
1927	905.2
1928	451.2
1929	V10.87
1930	792.1
1931	033.9
1932	112.3
1933	402.10
1934	531.40
1935	358.9
1936	308.9
1937	715.36
1938	999.3
1939	V45.61
1940	707.15
1941	410.11
1942	727.1
1943	615.0
1944	078.89
1945	754.43
1946	466
1947	V62.3
1948	V65.5
1949	282.9
1950	250.41
1951	560.39
1952	665.51
1953	722.6
1954	530.2
1955	E918
1956	075
1957	924.00
1958	663.21
1959	524.60
1960	557.0
1961	526.89
1962	717.83
1963	295.32
1964	180.9
1965	757.32
1966	758.6
1967	753.2
1968	250.81
1969	388.8
1970	789.60
1971	788.31
1972	998.32
1973	286.6
1974	780.54
1975	550.9
1976	070.30
1977	043.9
1978	362.17
1979	333.1
1980	767.6
1981	654.53
1982	873
1983	930.0
1984	786.01
1985	054.2
1986	V21.30
1987	394.1
1988	434.9
1989	574.21
1990	335.20
1991	255.41
1992	745.60
1993	300.11
1994	V45.71
1995	368.2
1996	V57.1
1997	816.01
1998	755.30
1999	723.0
2000	540.1
2001	614.3
2002	198.82
2003	647.01
2004	296.24
2005	571.1
2006	336.0
2007	170.9
2008	710.2
2009	754.1
2010	V44.3
2011	780.93
2012	E812.0
2013	536.42
2014	787.22
2015	745.11
2016	681.10
2017	579.9
2018	425.9
2019	V12.79
2020	658.83
2021	516.3
2022	655.73
2023	383.9
2024	648.43
2025	276.52
2026	038.19
2027	703.8
2028	440.1
2029	348.89
2030	315.00
2031	263.8
2032	396.3
2033	381.00
2034	E950.4
2035	276.4
2036	733.81
2037	042.0
2038	747.89
2039	783.7
2040	171.9
2041	V71.1
2042	733.40
2043	402.91
2044	V50.1
2045	760.2
2046	765.00
2047	780.0
2048	788.36
2049	494
2050	197.8
2051	645.13
2052	767.19
2053	341.9
2054	V20
2055	724.1
2056	642.03
2057	293.0
2058	333.90
2059	715.97
2060	577.9
2061	346.20
2062	191.6
2063	318.0
2064	386.00
2065	585.4
2066	296.35
2067	742.2
2068	478.75
2069	768.6
2070	710.1
2071	350.1
2072	162.5
2073	472.1
2074	426.9
2075	272.9
2076	556.0
2077	777.1
2078	592.9
2079	737.39
2080	882.1
2081	V46.11
2082	398.90
2083	345.80
2084	744.47
2085	627.8
2086	V46.1
2087	447.1
2088	451.11
2089	771.7
2090	641.21
2091	286.4
2092	426.3
2093	215.3
2094	659.11
2095	560.89
2096	746.1
2097	440.2
2098	719.97
2099	825.0
2100	732.2
2101	751.3
2102	933.1
2103	345.50
2104	V45.11
2105	V10.43
2106	796.1
2107	719.49
2108	995.1
2109	171.8
2110	V76.11
2111	E819.7
2112	482.8
2113	530.89
2114	292.84
2115	294.9
2116	996.7
2117	749.00
2118	820.20
2119	722.83
2120	511.8
2121	362.29
2122	226
2123	746.6
2124	873.63
2125	793.81
2126	E935.2
2127	755.00
2128	585.5
2129	697.0
2130	854.0
2131	797
2132	831.04
2133	003.0
2134	389.1
2135	574.50
2136	V71.6
2137	493.10
2138	726.32
2139	314.9
2140	718.44
2141	078.11
2142	154.0
2143	576.1
2144	188.0
2145	765.23
2146	294.10
2147	379.31
2148	733.1
2149	763.1
2150	112.84
2151	722.71
2152	510.9
2153	793.0
2154	770.5
2155	273.8
2156	622.7
2157	648.80
2158	271.3
2159	658.13
2160	198.81
2161	753.0
2162	754.81
2163	648.31
2164	794.5
2165	E879.1
2166	754.32
2167	434.11
2168	648.11
2169	362.60
2170	V10.52
2171	698.3
2172	454.1
2173	421.0
2174	526.9
2175	312.10
2176	753.29
2177	257.2
2178	228.09
2179	157.8
2180	414.02
2181	464.10
2182	754.52
2183	493.22
2184	695.1
2185	157.9
2186	727.05
2187	550.10
2188	345.60
2189	610.3
2190	727.42
2191	646.33
2192	V10.41
2193	344.0
2194	238.7
2195	366.20
2196	892.1
2197	471.9
2198	778.3
2199	588.0
2200	715.94
2201	288.03
2202	V03.1
2203	518.3
2204	802.20
2205	719.90
2206	V19.5
2207	743.30
2208	380.22
2209	775.4
2210	647.83
2211	161.0
2212	153.3
2213	767.2
2214	995.54
2215	250.83
2216	608.4
2217	873.60
2218	608.1
2219	E950.3
2220	E888.8
2221	233.1
2222	293.9
2223	253.5
2224	791.9
2225	238.0
2226	424.2
2227	253.1
2228	777.5
2229	919.6
2230	V65.8
2231	569.82
2232	420.90
2233	459.0
2234	173.9
2235	780.97
2236	646.62
2237	564.9
2238	V17.3
2239	760.79
2240	E950.0
2241	389.18
2242	996.6
2243	802.4
2244	410.00
2245	661.31
2246	V58.83
2247	172.9
2248	344.9
2249	660.11
2250	786
2251	996.83
2252	414.04
2253	E920.3
2254	996.69
2255	674.32
2256	389.2
2257	V12.71
2258	253.3
2259	628.0
2260	614.1
2261	473.1
2262	780.03
2263	753.1
2264	E947.8
2265	708.1
2266	581.81
2267	536.3
2268	656.61
2269	763.2
2270	813.22
2271	799.1
2272	132.9
2273	622.10
2274	250.13
2275	V61.9
2276	038.43
2277	751.2
2278	E879.9
2279	824.2
2280	785.9
2281	746.3
2282	642.91
2283	754.79
2284	746.87
2285	518.8
2286	655.81
2287	519.19
2288	491.20
2289	268.0
2290	451.89
2291	669.71
2292	658.03
2293	275.4
2294	753.6
2295	010.01
2296	250.51
2297	536.49
2298	443.81
2299	E884.0
2300	250.42
2301	758.9
2302	788.42
2303	744.3
2304	528.2
2305	556.5
2306	965.4
2307	405.91
2308	E930.8
2309	V18.0
2310	309.29
2311	E980.4
2312	378.54
2313	850.5
2314	773.2
2315	783.9
2316	784.59
2317	437.0
2318	996.63
2319	385.30
2320	438.20
2321	608.86
2322	171.3
2323	611.89
2324	284.9
2325	660.41
2326	V22
2327	648.61
2328	370.00
2329	491.8
2330	656.53
2331	333.2
2332	199.0
2333	789.37
2334	593.3
2335	997.2
2336	424.3
2337	746.4
2338	191.2
2339	718.46
2340	446.20
2341	V71.02
2342	730.27
2343	795.8
2344	389.03
2345	V72.32
2346	E968.8
2347	717.9
2348	808.8
2349	191.5
2350	788.7
2351	752.63
2352	V15.83
2353	996.85
2354	V01.79
2355	955.9
2356	754.61
2357	V04.82
2358	891.1
2359	V10.00
2360	593.72
2361	087.9
2362	225.1
2363	751.1
2364	394.0
2365	205.10
2366	644.0
2367	629.81
2368	780.91
2369	683
2370	V54.9
2371	090.1
2372	697.1
2373	440.20
2374	626.1
2375	E920.9
2376	601.9
2377	754.2
2378	692.3
2379	389.0
2380	943
2381	V64.41
2382	V70.8
2383	455.8
2384	300.23
2385	355.8
2386	727.51
2387	V59.6
2388	519.11
2389	369.00
2390	331.9
2391	291.0
2392	756.89
2393	366.53
2394	705.1
2395	876.0
2396	361.9
2397	V67.01
2398	356.8
2399	762.7
2400	642.43
2401	736.70
2402	575.8
2403	997.0
2404	229.8
2405	942.00
2406	671.81
2407	998.0
2408	601.0
2409	726.70
2410	141.0
2411	V12.5
2412	V57.9
2413	070.1
2414	733.13
2415	478.31
2416	289.8
2417	996.67
2418	V10.85
2419	250.61
2420	174.2
2421	041.00
2422	277.02
2423	700
2424	879.9
2425	292.0
2426	873.64
2427	639.0
2428	747.83
2429	968.5
2430	216.8
2431	478.30
2432	482.4
2433	703.9
2434	368.12
2435	525.8
2436	716.98
2437	359.8
2438	291.8
2439	V01.7
2440	579.8
2441	V53.6
2442	E936.1
2443	751.61
2444	905.8
2445	213.7
2446	448.9
2447	785.50
2448	228.1
2449	845
2450	V77.0
2451	816.02
2452	766.0
2453	V26.8
2454	320.9
2455	764.98
2456	696.5
2457	747.21
2458	V34.01
2459	V10.79
2460	726.5
2461	765.25
2462	634.9
2463	310.2
2464	799.3
2465	V07.8
2466	V10.09
2467	091.9
2468	733.29
2469	874.8
2470	648.92
2471	379.99
2472	761.8
2473	358.8
2474	726.91
2475	379.00
2476	824.4
2477	V69.2
2478	596.9
2479	614.0
2480	756.11
2481	730.26
2482	V12.61
2483	054.40
2484	596.5
2485	360.41
2486	461.8
2487	283.0
2488	402.11
2489	647.63
2490	552.8
2491	E826.1
2492	759.82
2493	793.6
2494	358.00
2495	E934.2
2496	V71.3
2497	E916
2498	997.02
2499	338.3
2500	345.51
2501	041.9
2502	571.49
2503	V13.29
2504	714.9
2505	V55.3
2506	E879.2
2507	637.92
2508	301.3
2509	747.9
2510	596.3
2511	651.03
2512	773.0
2513	706.9
2514	353.2
2515	870.8
2516	753.4
2517	594.1
2518	784.40
2519	255.2
2520	V04.4
2521	E849.3
2522	V23.7
2523	V60.0
2524	478.5
2525	V70.2
2526	845.0
2527	871.4
2528	150.9
2529	595.2
2530	633.90
2531	238.8
2532	776.5
2533	760.8
2534	787.21
2535	731.8
2536	386.30
2537	366.00
2538	197.5
2539	793.19
2540	E819.1
2541	011.9
2542	074.3
2543	752.9
2544	296.90
2545	756.9
2546	057.8
2547	780.92
2548	642.51
2549	208.00
2550	569.5
2551	255.8
2552	711.06
2553	478.79
2554	281.1
2555	373.13
2556	511.0
2557	131.01
2558	451.0
2559	244.1
2560	707.8
2561	647.81
2562	191.3
2563	616.3
2564	V10.82
2565	298.8
2566	396.9
2567	550.93
2568	361.89
2569	455.4
2570	250.71
2571	286.0
2572	560.31
2573	158.0
2574	303.01
2575	642.33
2576	772.4
2577	448.1
2578	434.1
2579	079.4
2580	238.4
2581	157.0
2582	736.71
2583	493.2
2584	765.0
2585	585.1
2586	823.22
2587	440.0
2588	519.09
2589	V06.9
2590	622.11
2591	883
2592	458.29
2593	812.59
2594	535
2595	733.20
2596	151.9
2597	464.00
2598	198.2
2599	812.42
2600	738.4
2601	041.84
2602	794.39
2603	237.0
2604	295.10
2605	747.41
2606	378.51
2607	659.53
2608	V77.6
2609	600.01
2610	V77.9
2611	259.4
2612	779.5
2613	286.5
2614	746.5
2615	590.00
2616	906.7
2617	882.2
2618	831.01
2619	631
2620	E937.9
2621	V16.41
2622	237.7
2623	304.91
2624	285.0
2625	652.23
2626	203.00
2627	V42.2
2628	E931.0
2629	171.0
2630	213.9
2631	127.4
2632	661.91
2633	716.94
2634	V10.21
2635	716.91
2636	760.0
2637	453.40
2638	652.81
2639	282.0
2640	640.93
2641	297.9
2642	747.49
2643	520.6
2644	316
2645	755.59
2646	V71.7
2647	V65.41
2648	V50.2
2649	279.19
2650	711.00
2651	251.8
2652	568.81
2653	921.3
2654	744.42
2655	970.8
2656	944.20
2657	V45.86
2658	771.82
2659	211.2
2660	654.63
2661	256.8
2662	756.10
2663	V10.01
2664	112.89
2665	568.89
2666	815.03
2667	110.3
2668	365.04
2669	382.00
2670	623.9
2671	307.1
2672	333.5
2673	607.3
2674	E929.0
2675	553.29
2676	V10.51
2677	476.0
2678	V76.41
2679	844.1
2680	571.3
2681	186.9
2682	E878.9
2683	599.89
2684	911.0
2685	770.81
2686	707.19
2687	440.23
2688	V07.1
2689	642.71
2690	205.01
2691	246.8
2692	583.89
2693	305.21
2694	V61.0
2695	305.63
2696	428.30
2697	V65.42
2698	282.2
2699	717.6
2700	766.21
2701	155.2
2702	847
2703	522.0
2704	336.8
2705	474.01
2706	333.7
2707	737.8
2708	429.0
2709	642.01
2710	707.10
2711	518.1
2712	369.4
2713	794.6
2714	523.8
2715	296.31
2716	099.0
2717	V25.5
2718	569.81
2719	052.7
2720	787
2721	457.8
2722	701.8
2723	715.93
2724	V76.9
2725	726.11
2726	296.44
2727	V41.1
2728	112.5
2729	V77.1
2730	735.2
2731	716.96
2732	708.8
2733	365.60
2734	784.41
2735	618.2
2736	V45.51
2737	V15.86
2738	008.49
2739	478.6
2740	652.61
2741	V19.3
2742	239.9
2743	V45.6
2744	796.5
2745	715.00
2746	301.6
2747	720.0
2748	696.0
2749	434.90
2750	759.3
2751	574.51
2752	528.5
2753	530.9
2754	897.0
2755	718.42
2756	279.00
2757	005.9
2758	227.0
2759	305.9
2760	V45.77
2761	389.15
2762	359.0
2763	783.42
2764	V55.9
2765	759.6
2766	641.93
2767	746.83
2768	608.3
2769	054.79
2770	766.2
2771	011.93
2772	787.23
2773	041.6
2774	357.0
2775	802.6
2776	707.03
2777	198.4
2778	456.8
2779	882
2780	E965.4
2781	295.40
2782	756.4
2783	917.6
2784	440.22
2785	593.5
2786	132.0
2787	641.11
2788	728.6
2789	916.0
2790	604.99
2791	204.10
2792	832.01
2793	262
2794	788.4
2795	300.10
2796	348.39
2797	208.90
2798	735.8
2799	524.6
2800	780.59
2801	235.2
2802	443.89
2803	V54.19
2804	618.3
2805	191.7
2806	V61.10
2807	425.1
2808	358.0
2809	291.2
2810	402.90
2811	710.4
2812	567.9
2813	646.60
2814	654.13
2815	658.90
2816	V42.81
2817	624.8
2818	437.1
2819	353.4
2820	747.22
2821	812.09
2822	056.9
2823	707.14
2824	228.02
2825	654.51
2826	754.89
2827	672.02
2828	250.52
2829	660.21
2830	880.03
2831	654.11
2832	180.0
2833	742.0
2834	999.8
2835	E922.9
2836	666.10
2837	362.56
2838	813.82
2839	998.13
2840	512.0
2841	990
2842	079.2
2843	942.22
2844	520.7
2845	291.81
2846	611.2
2847	250.43
2848	349.2
2849	E965.0
2850	V45.0
2851	850
2852	E929.9
2853	V02.59
2854	041.10
2855	170.4
2856	828.0
2857	372.20
2858	170.6
2859	730.28
2860	164.9
2861	227.1
2862	654.41
2863	516.8
2864	537.4
2865	580.9
2866	282.41
2867	666.02
2868	E911
2869	382.3
2870	354.1
2871	556.8
2872	175.0
2873	303.93
2874	E920.4
2875	V58.43
2876	478.25
2877	283.9
2878	794.30
2879	426.13
2880	530.8
2881	717.3
2882	464.0
2883	715.15
2884	735.5
2885	728.88
2886	442.9
2887	998.9
2888	593.71
2889	338.18
2890	606.9
2891	V73.89
2892	518.83
2893	162.2
2894	362.07
2895	456.21
2896	617.8
2897	351.8
2898	314.2
2899	669.81
2900	174.0
2901	844.8
2902	299.80
2903	629.8
2904	854.01
2905	362.04
2906	731.0
2907	292.9
2908	202.10
2909	619.1
2910	795.08
2911	315.3
2912	748.5
2913	441.2
2914	780.01
2915	385.32
2916	036.2
2917	304.80
2918	290.40
2919	487.8
2920	958.7
2921	E945.7
2922	363.20
2923	777.8
2924	196.1
2925	752.8
2926	V10.81
2927	720.2
2928	567.22
2929	665.41
2930	161.9
2931	784.42
2932	239.1
2933	754.69
2934	749.20
2935	459.2
2936	767.8
2937	530.84
2938	041.01
2939	940.9
2940	482.0
2941	755.11
2942	783.6
2943	662.21
2944	621.5
2945	337.1
2946	815.01
2947	945.02
2948	753.15
2949	V54.89
2950	362.53
2951	269.9
2952	735.9
2953	294.1
2954	079.3
2955	183.9
2956	795.05
2957	764.0
2958	905.3
2959	652.31
2960	337.9
2961	535.41
2962	830.0
2963	250.92
2964	736.1
2965	781.94
2966	279.4
2967	757.6
2968	719.48
2969	323.8
2970	239.4
2971	V55.2
2972	569.2
2973	V43.6
2974	078.12
2975	743.61
2976	674.82
2977	137.0
2978	287.0
2979	642.23
2980	389
2981	097.1
2982	755.29
2983	350.2
2984	433.1
2985	361.31
2986	275.0
2987	444.21
2988	676.22
2989	359.2
2990	727.06
2991	296.89
2992	955.6
2993	530.5
2994	732.7
2995	192.2
2996	552.00
2997	571.41
2998	482.89
2999	200.20
3000	995.52
3001	483
3002	451.19
3003	428.23
3004	V10.42
3005	454.2
3006	202.90
3007	927.3
3008	767.0
3009	719.07
3010	296.00
3011	031.0
3012	718.47
3013	487.0
3014	478.4
3015	V53.7
3016	389.02
3017	635.91
3018	765.26
3019	838.00
3020	744.41
3021	791.4
3022	494.1
3023	V66.7
3024	517.3
3025	253.6
3026	379.22
3027	377.00
3028	250.0
3029	374.10
3030	383.00
3031	V54.01
3032	571.6
3033	213.5
3034	695.9
3035	202.88
3036	174.3
3037	V54.16
3038	171.5
3039	524.8
3040	747.11
3041	146.0
3042	188.3
3043	753.8
3044	410.41
3045	702.11
3046	701.3
3047	755.67
3048	354.9
3049	471.0
3050	278.1
3051	753.10
3052	V12.09
3053	732.1
3054	854
3055	301.81
3056	771.2
3057	659.21
3058	996.04
3059	E929.8
3060	513.0
3061	370.9
3062	278
3063	529.0
3064	599.2
3065	655.50
3066	616.4
3067	E855.2
3068	707.22
3069	732.9
3070	763.82
3071	558.1
3072	375.55
3073	653.51
3074	837.0
3075	174.5
3076	E960.1
3077	334.3
3078	646.11
3079	676.60
3080	879.2
3081	V04.2
3082	281.0
3083	871.0
3084	201.50
3085	569.41
3086	202.81
3087	600.9
3088	428.32
3089	721.1
3090	756.59
3091	V68.0
3092	768.5
3093	041.5
3094	710.3
3095	646.81
3096	527.7
3097	163.8
3098	991.6
3099	446.4
3100	204.11
3101	738.19
3102	715.9
3103	285.22
3104	996.01
3105	V45.72
3106	E906.4
3107	361.81
3108	759.8
3109	161.1
3110	808.2
3111	293.83
3112	V56.0
3113	743.20
3114	727.09
3115	674.12
3116	730.17
3117	633.10
3118	277.8
3119	031.2
3120	643.90
3121	196.6
3122	770.82
3123	532.40
3124	848.8
3125	939.2
3126	E968.7
3127	369.60
3128	743.63
3129	560.2
3130	877.0
3131	346.80
3132	V12.0
3133	873.41
3134	833.0
3135	295.74
3136	427.61
3137	V44.2
3138	665.31
3139	211.5
3140	648.13
3141	307.20
3142	702
3143	246.2
3144	716.59
3145	763.83
3146	173.3
3147	844.0
3148	147.9
3149	V69.1
3150	905.1
3151	755.10
3152	998.31
3153	356.0
3154	556
3155	070.3
3156	V67.51
3157	362.11
3158	V78.2
3159	426.6
3160	V23.2
3161	820.21
3162	637.9
3163	792.3
3164	755.50
3165	794.4
3166	919
3167	781.1
3168	996.64
3169	996.54
3170	556.2
3171	719.25
3172	289.0
3173	008.6
3174	312.30
3175	757.1
3176	313.83
3177	772.8
3178	V04.5
3179	788.9
3180	360.42
3181	388.60
3182	238.1
3183	315.32
3184	733.92
3185	836.50
3186	090.2
3187	755.21
3188	755.66
3189	643.00
3190	117.3
3191	558.3
3192	396.2
3193	306.9
3194	307.6
3195	V72.11
3196	389.20
3197	478.24
3198	821.20
3199	747.6
3200	V04.7
3201	038.40
3202	718.86
3203	648.63
3204	850.1
3205	395.0
3206	V72.61
3207	240.0
3208	879.0
3209	377.39
3210	640.0
3211	197.1
3212	921.2
3213	747.69
3214	112.81
3215	573.0
3216	531.70
3217	437.5
3218	707.13
3219	584.8
3220	611.6
3221	V58.62
3222	426.10
3223	434.01
3224	556.4
3225	362.22
3226	656.43
3227	198.0
3228	741.03
3229	751.69
3230	287.1
3231	117.5
3232	744.1
3233	718.40
3234	318.1
3235	E825
3236	V12.01
3237	726.79
3238	E914
3239	530.7
3240	715.35
3241	755.02
3242	336.3
3243	779.82
3244	455.5
3245	V72.8
3246	745.61
3247	269.3
3248	334.9
3249	745.0
3250	618.4
3251	V17.49
3252	233.4
3253	V58.82
3254	518.84
3255	726.33
3256	770.83
3257	253.7
3258	309.22
3259	572.0
3260	996.39
3261	730.00
3262	V76.3
3263	746.85
3264	761.7
3265	E924.2
3266	188.2
3267	E879.4
3268	216.1
3269	296.22
3270	996.02
3271	745.12
3272	736.20
3273	017.00
3274	718.87
3275	270.4
3276	054
3277	372.39
3278	273.1
3279	453.42
3280	596.51
3281	743.65
3282	765.13
3283	716.97
3284	244.8
3285	786.8
3286	E854.3
3287	607.83
3288	415.11
3289	770.84
3290	681.01
3291	724.79
3292	171.2
3293	812.01
3294	674.14
3295	698.8
3296	725
3297	195.5
3298	191.4
3299	010.00
3300	640
3301	V15.02
3302	079.88
3303	652.51
3304	282.49
3305	V85.4
3306	346.91
3307	179
3308	365.22
3309	686.8
3310	646.9
3311	341.8
3312	842.09
3313	277.5
3314	733.21
3315	V29.8
3316	765.12
3317	711.90
3318	296.54
3319	455.1
3320	471.8
3321	315.1
3322	625.4
3323	784.91
3324	717.5
3325	215.9
3326	717.89
3327	442.81
3328	307.51
3329	996.32
3330	389.16
3331	198.1
3332	296.99
3333	772.11
3334	434.0
3335	189.9
3336	288.50
3337	895.0
3338	210.2
3339	216.0
3340	289.2
3341	724.01
3342	482.2
3343	E989
3344	V45.69
3345	307.40
3346	569.83
3347	301.0
3348	658.80
3349	666.22
3350	150.5
3351	451.84
3352	333.94
3353	456.20
3354	307.9
3355	528.09
3356	685.0
3357	V54.12
3358	764.07
3359	315.34
3360	372.11
3361	376.30
3362	790.22
3363	764.06
3364	726.72
3365	V58.66
3366	733.22
3367	569.69
3368	997.09
3369	347.00
3370	V76.49
3371	372.9
3372	511.1
3373	V44.4
3374	V12.50
3375	251.1
3376	452
3377	250.62
3378	142.1
3379	935.2
3380	519.2
3381	094.0
3382	646.71
3383	569.84
3384	410.01
3385	465.0
3386	301.7
3387	474.8
3388	873.49
3389	569.1
3390	755.20
3391	279.50
3392	365.14
3393	786.0
3394	729.0
3395	272.7
3396	799.82
3397	077.99
3398	746.86
3399	189.1
3400	V44.6
3401	204.0
3402	333.3
3403	320.2
3404	764.09
3405	771.89
3406	824.6
3407	905.0
3408	744.29
3409	042.1
3410	V18.4
3411	718.45
3412	333.99
3413	V01.9
3414	275.9
3415	756.19
3416	755.8
3417	213.0
3418	V65.43
3419	202.00
3420	557.1
3421	301.22
3422	V40.9
3423	768.9
3424	581.1
3425	872.00
3426	754.44
3427	345.6
3428	E929.3
3429	510.0
3430	V15.07
3431	569.6
3432	656.40
3433	620.5
3434	621.30
3435	305.40
3436	646.21
3437	730.07
3438	345.0
3439	368.4
3440	762.1
3441	722.93
3442	860.0
3443	482.1
3444	V47.4
3445	934.8
3446	628.8
3447	753.12
3448	151.0
3449	666.24
3450	313.89
3451	562.12
3452	150.1
3453	582.81
3454	352.9
3455	519.00
3456	621.8
3457	923.9
3458	253.0
3459	V42.5
3460	714.31
3461	078.2
3462	V58.8
3463	776.7
3464	312.34
3465	722.73
3466	959.19
3467	550.12
3468	V28.4
3469	648.94
3470	E969
3471	894.0
3472	674.34
3473	374.00
3474	643.13
3475	537.9
3476	695.4
3477	E912
3478	427.2
3479	426.52
3480	965.01
3481	646.23
3482	297.1
3483	744.23
3484	745.9
3485	692.82
3486	781.91
3487	V13.22
3488	333.83
3489	215.2
3490	215.0
3491	793.3
3492	719.67
3493	V51
3494	V71.81
3495	633.0
3496	E886.0
3497	300.20
3498	273.9
3499	667.02
3500	717.49
3501	674.84
3502	404.93
3503	779.2
3504	626.7
3505	440.24
3506	536.41
3507	V13.01
3508	996.5
3509	628.1
3510	330.8
3511	362.30
3512	255.9
3513	729.30
3514	V10.06
3515	201.98
3516	655.5
3517	252.01
3518	356.1
3519	738.3
3520	802.21
3521	845.02
3522	V10.04
3523	253.9
3524	201.51
3525	V59.3
3526	752.52
3527	748.69
3528	945.22
3529	172.0
3530	201.58
3531	761.3
3532	881.0
3533	764.94
3534	922.31
3535	599.3
3536	758.1
3537	865.00
3538	292.81
3539	229.0
3540	447.8
3541	718.33
3542	V14.8
3543	692.1
3544	153.4
3545	145.3
3546	174.6
3547	180.8
3548	335.21
3549	660.31
3550	V15.09
3551	382.0
3552	646.30
3553	717.43
3554	743.9
3555	372.03
3556	041.09
3557	V06.6
3558	208.9
3559	130.0
3560	379.8
3561	594.2
3562	935.0
3563	307.50
3564	607.2
3565	E928.3
3566	997.91
3567	562.00
3568	300.09
3569	765.24
3570	823.90
3571	982.8
3572	881
3573	192.0
3574	840.6
3575	800.01
3576	733.43
3577	380.21
3578	362.23
3579	368.46
3580	754.5
3581	772.13
3582	239
3583	378.15
3584	194.3
3585	825.29
3586	648.24
3587	790.1
3588	380.1
3589	969.0
3590	195.2
3591	707.05
3592	V17.4
3593	749.10
3594	138
3595	692.0
3596	642.93
3597	362.81
3598	295.50
3599	320.3
3600	453.0
3601	296.36
3602	298.3
3603	437.8
3604	238.75
3605	796.0
3606	705.21
3607	737.0
3608	V68.89
3609	473.3
3610	788.63
3611	543.9
3612	799.8
3613	271.0
3614	737.32
3615	620.0
3616	557.9
3617	787.4
3618	711.97
3619	923
3620	453.41
3621	753.13
3622	715.31
3623	V40.3
3624	736.72
3625	E884.5
3626	524.00
3627	572.4
3628	943.20
3629	049.9
3630	160.0
3631	805.00
3632	997.62
3633	908.9
3634	V17.5
3635	802.25
3636	289.4
3637	172.5
3638	380.9
3639	296.53
3640	996.61
3641	726.19
3642	753.22
3643	642.61
3644	E850.4
3645	302.75
3646	881.22
3647	151.8
3648	907.9
3649	801.01
3650	361.03
3651	921.1
3652	712.30
3653	743.46
3654	307.46
3655	968.2
3656	295.72
3657	493.21
3658	272.5
3659	803.00
3660	493.0
3661	131.09
3662	V73.2
3663	345.61
3664	214.3
3665	305.93
3666	717.40
3667	753.19
3668	780.64
3669	301.13
3670	953.4
3671	646.50
3672	793.9
3673	701.0
3674	745.19
3675	793.89
3676	780.51
3677	795.10
3678	590.2
3679	308.0
3680	816.0
3681	907.2
3682	834.01
3683	392.9
3684	996.76
3685	130.9
3686	362.54
3687	733.49
3688	752.2
3689	E906.3
3690	285.3
3691	384.22
3692	535.6
3693	362.63
3694	966.1
3695	692.6
3696	805.6
3697	491.0
3698	282.63
3699	733.09
3700	428.20
3701	703
3702	214.4
3703	003.9
3704	757.9
3705	376.11
3706	300.81
3707	754.33
3708	692.72
3709	235.5
3710	524.9
3711	300.0
3712	313.9
3713	V02.61
3714	770.4
3715	881.20
3716	433.11
3717	575.11
3718	816.11
3719	287.2
3720	203.01
3721	752.89
3722	464.30
3723	778.0
3724	927.20
3725	816.10
3726	743.10
3727	795.04
3728	433.3
3729	170.1
3730	155.1
3731	305.53
3732	E881.0
3733	942
3734	370.34
3735	E936.3
3736	802.26
3737	692.79
3738	923.09
3739	995.69
3740	998.83
3741	320.1
3742	910.8
3743	201.91
3744	756.79
3745	612.0
3746	V61.49
3747	805.4
3748	295.64
3749	274.82
3750	444.9
3751	V86.0
3752	374.82
3753	934.1
3754	305.03
3755	599.71
3756	795.3
3757	787.24
3758	365.12
3759	871.9
3760	573.1
3761	640.83
3762	530.85
3763	800.00
3764	441.00
3765	532.00
3766	655.01
3767	031.8
3768	434.00
3769	948.10
3770	388.69
3771	310.1
3772	292.12
3773	641.23
3774	992.5
3775	V62.4
3776	790.21
3777	123.1
3778	772.3
3779	815.04
3780	228.04
3781	779.31
3782	373.9
3783	807.01
3784	775.8
3785	132.2
3786	424.99
3787	425.0
3788	V02.6
3789	305
3790	878.0
3791	277.6
3792	372
3793	E878.5
3794	344.60
3795	E942.1
3796	242.20
3797	813.40
3798	588.1
3799	553.00
3800	E935.9
3801	599.72
3802	569.62
3803	292.11
3804	656.63
3805	171.6
3806	944.25
3807	V10.72
3808	386.10
3809	718.84
3810	917.0
3811	047.8
3812	345.8
3813	658.23
3814	730.25
3815	873.65
3816	V40.1
3817	711.02
3818	702.8
3819	E858.0
3820	802.28
3821	V10.07
3822	728.2
3823	V28.0
3824	922.2
3825	E858.3
3826	V10.9
3827	V13.02
3828	765.04
3829	425.3
3830	478.32
3831	531.00
3832	200.10
3833	756.51
3834	751.4
3835	V28.6
3836	V49.75
3837	804.00
3838	279.10
3839	041.2
3840	793.7
3841	V26.0
3842	250.12
3843	625.1
3844	427.60
3845	913.0
3846	840.7
3847	153.0
3848	269.0
3849	840.0
3850	752.42
3851	074.8
3852	596.59
3853	728.5
3854	741.93
3855	295.62
3856	301.50
3857	755.58
3858	648.44
3859	707.23
3860	318.2
3861	196.9
3862	692.71
3863	361.2
3864	906.8
3865	718.35
3866	426.2
3867	290.10
3868	879.4
3869	V66.2
3870	649.11
3871	780.94
3872	E967.9
3873	257.8
3874	235.3
3875	523.10
3876	618.5
3877	V88.01
3878	984.0
3879	195.1
3880	288.3
3881	286.3
3882	307.0
3883	V01.5
3884	912.0
3885	900.9
3886	659.83
3887	969.4
3888	461.2
3889	656.81
3890	337.22
3891	338.0
3892	624.3
3893	784.69
3894	V33.00
3895	906.5
3896	774.4
3897	361.01
3898	943.21
3899	325
3900	789.31
3901	E930.3
3902	878.6
3903	772.0
3904	796.3
3905	832.2
3906	213.1
3907	367.21
3908	528.3
3909	V19.1
3910	292.89
3911	V41.6
3912	652.11
3913	031.9
3914	655.53
3915	821.21
3916	701.5
3917	410.92
3918	574.30
3919	446.5
3920	355.5
3921	750.26
3922	945.20
3923	747.42
3924	414
3925	719.61
3926	921.0
3927	296.25
3928	362.51
3929	784.8
3930	718.36
3931	730.10
3932	750.9
3933	886.1
3934	038.10
3935	730.2
3936	201.9
3937	072.9
3938	511.81
3939	376.9
3940	726.64
3941	378.05
3942	296.26
3943	519.0
3944	249.00
3945	417.8
3946	441.9
3947	774.39
3948	188.4
3949	995.81
3950	370.20
3951	396.0
3952	349.81
3953	349.82
3954	722.91
3955	V34.0
3956	588.89
3957	288.09
3958	736.29
3959	041.12
3960	255.1
3961	V18.51
3962	646.31
3963	719.16
3964	375.32
3965	362.35
3966	805.8
3967	748.0
3968	996.52
3969	153.2
3970	810.0
3971	210.4
3972	054.0
3973	E853.2
3974	714.89
3975	371.40
3976	465.8
3977	873.1
3978	219.0
3979	373.31
3980	959.14
3981	388.72
3982	342.1
3983	992.1
3984	036.0
3985	E935.3
3986	560.32
3987	707.00
3988	236.2
3989	236.91
3990	428
3991	E939.1
3992	526.4
3993	394.2
3994	666.14
3995	145.9
3996	567.8
3997	V84.01
3998	E980.0
3999	782.62
4000	842.0
4001	755.60
4002	371.82
4003	598.2
4004	366.04
4005	581.89
4006	173.8
4007	795.82
4008	793.5
4009	656.21
4010	524.4
4011	345.5
4012	574.11
4013	045.90
4014	764.96
4015	V42.9
4016	718.03
4017	038.2
4018	377.14
4019	264.9
4020	639.1
4021	366.19
4022	794.09
4023	V77
4024	E860.0
4025	807.02
4026	799.81
4027	851.00
4028	812.44
4029	759.0
4030	582.1
4031	691
4032	754.50
4033	930
4034	614.8
4035	440.9
4036	634.71
4037	999.5
4038	765.22
4039	963.1
4040	251.0
4041	V29.3
4042	614.4
4043	237.2
4044	009.2
4045	741.01
4046	816.12
4047	659.51
4048	145.0
4049	816
4050	727.89
4051	289.89
4052	543.0
4053	482.41
4054	670.04
4055	957.9
4056	783.5
4057	216.2
4058	776.2
4059	034
4060	958.8
4061	163.9
4062	713.5
4063	648.62
4064	852.20
4065	760.73
4066	595.1
4067	564.3
4068	V43.61
4069	751.0
4070	363.15
4071	662.11
4072	524.69
4073	250.73
4074	276.69
4075	345.81
4076	307.23
4077	589.0
4078	788.33
4079	E930.9
4080	997.31
4081	634.11
4082	V85.41
4083	090.0
4084	414.10
4085	820.22
4086	037
4087	274.00
4088	099.50
4089	642.90
4090	171.4
4091	728.79
4092	E813.0
4093	453.3
4094	842
4095	411.0
4096	296.52
4097	618.6
4098	V58.9
4099	589.9
4100	752.40
4101	716.95
4102	611
4103	663.01
4104	646.93
4105	442.2
4106	379.41
4107	382.1
4108	279.03
4109	202.08
4110	354.3
4111	333.81
4112	429.79
4113	676.21
4114	346.01
4115	V53.1
4116	V23.41
4117	944.26
4118	E882
4119	279.2
4120	648.90
4121	737.10
4122	298.0
4123	892.2
4124	655.80
4125	944
4126	728.0
4127	E935.8
4128	E967.0
4129	616.9
4130	722.11
4131	698.1
4132	194.4
4133	664.10
4134	212.1
4135	357.4
4136	536.9
4137	278.8
4138	V23.83
4139	151.4
4140	453.2
4141	233.7
4142	524.02
4143	755.13
4144	815.02
4145	599.60
4146	384.82
4147	564.89
4148	401
4149	780
4150	E986
4151	362.03
4152	444.81
4153	099.53
4154	518.6
4155	747.29
4156	616.8
4157	295.80
4158	633.8
4159	359.21
4160	813.43
4161	642.40
4162	529.8
4163	141.1
4164	250.93
4165	756.3
4166	293.81
4167	301.4
4168	395.1
4169	V61.09
4170	944.01
4171	250.63
4172	802.29
4173	355.6
4174	433.30
4175	196.5
4176	616.1
4177	420.91
4178	304.30
4179	133
4180	364.41
4181	655.23
4182	788.69
4183	997.99
4184	478.33
4185	V45.73
4186	760.1
4187	296.04
4188	719.56
4189	338.4
4190	808.43
4191	726.31
4192	357.6
4193	997.9
4194	365.63
4195	425.5
4196	438.22
4197	275.40
4198	V55.6
4199	996.80
4200	945.04
4201	795.71
4202	V15.84
4203	277.4
4204	472.2
4205	306.4
4206	365
4207	188
4208	941
4209	868.00
4210	446.6
4211	790.2
4212	211.6
4213	802.22
4214	290.9
4215	663.51
4216	E826.0
4217	654.91
4218	711.05
4219	977.8
4220	V54.81
4221	984.8
4222	752.69
4223	789.51
4224	793.11
4225	V15.0
4226	186.0
4227	552.1
4228	974.1
4229	758.89
4230	372.05
4231	853.01
4232	295.34
4233	205.11
4234	334.8
4235	815
4236	752.7
4237	655.90
4238	238.71
4239	287.9
4240	391.1
4241	866.00
4242	943.01
4243	915.6
4244	414.11
4245	171.7
4246	173.5
4247	300.82
4248	756.16
4249	995.7
4250	213.2
4251	780.95
4252	237.4
4253	739.3
4254	380.23
4255	347
4256	444.89
4257	603.0
4258	E858.1
4259	608.83
4260	V04.3
4261	349.89
4262	861.21
4263	382.2
4264	410.81
4265	238.9
4266	599.84
4267	270.7
4268	256.3
4269	282.6
4270	718.80
4271	911.8
4272	V58.44
4273	142.0
4274	456.0
4275	E931.7
4276	989.4
4277	501
4278	536.40
4279	172.7
4280	V07.4
4281	288.9
4282	949.2
4283	259.8
4284	519.4
4285	275.49
4286	V12.41
4287	805.2
4288	043.3
4289	906.1
4290	223.0
4291	910.6
4292	649.13
4293	842.02
4294	715.17
4295	624.0
4296	233.3
4297	V70
4298	530.82
4299	447.2
4300	437.2
4301	833.09
4302	788.32
4303	290.20
4304	V64.42
4305	997.69
4306	842.19
4307	707.07
4308	671.22
4309	053.19
4310	366.15
4311	364.75
4312	697.8
4313	201.94
4314	V12.3
4315	V05.8
4316	663.81
4317	438.0
4318	746.09
4319	287.49
4320	433.00
4321	374.33
4322	767.9
4323	E869.4
4324	V58.42
4325	111.9
4326	V06.3
4327	344.09
4328	E988.8
4329	251.9
4330	V59.02
4331	277.0
4332	876.1
4333	158.8
4334	324.1
4335	782.8
4336	237.6
4337	V43.89
4338	V54.11
4339	453.81
4340	846.9
4341	435.0
4342	335.10
4343	438.83
4344	755.31
4345	779.83
4346	E876.8
4347	200.78
4348	744.46
4349	438.11
4350	342.92
4351	480.8
4352	151.2
4353	281.3
4354	996.71
4355	098.17
4356	906.6
4357	790.94
4358	441.01
4359	335.29
4360	531.30
4361	756.14
4362	E871.0
4363	730.06
4364	524.0
4365	749.22
4366	716.99
4367	863.52
4368	V13.8
4369	748.60
4370	257.0
4371	441.7
4372	V11.3
4373	668.82
4374	244.2
4375	625.2
4376	E980.9
4377	284.89
4378	669.42
4379	211.9
4380	749.21
4381	V82.6
4382	306.1
4383	820.09
4384	535.61
4385	V12.2
4386	426.12
4387	295.92
4388	994.6
4389	092.9
4390	863.1
4391	173.4
4392	610.4
4393	845.1
4394	907.4
4395	V82.8
4396	066.1
4397	164.8
4398	944.07
4399	996.72
4400	711.01
4401	360.21
4402	447.9
4403	388.10
4404	519.01
4405	728.86
4406	807.4
4407	659.81
4408	771.1
4409	744.83
4410	296.64
4411	380.50
4412	V72.19
4413	680.2
4414	256.31
4415	826.1
4416	659.93
4417	304.60
4418	996.8
4419	007.1
4420	535.01
4421	665.11
4422	967.0
4423	622.12
4424	776.0
4425	426.82
4426	619.2
4427	535.51
4428	E943.3
4429	660.61
4430	508.1
4431	945.26
4432	204.90
4433	763.3
4434	426.89
4435	E930.5
4436	772.12
4437	820.01
4438	176.0
4439	112
4440	534.90
4441	374.34
4442	212.6
4443	V25.11
4444	170.0
4445	382.01
4446	V15.01
4447	V85.51
4448	891
4449	337.21
4450	V59.8
4451	272.8
4452	854.02
4453	161.8
4454	996.66
4455	255.5
4456	711.0
4457	384.2
4458	380.89
4459	919.5
4460	738.1
4461	281.2
4462	302.89
4463	V12.6
4464	362.31
4465	296.63
4466	756.13
4467	654.61
4468	279.06
4469	453.82
4470	996.65
4471	V10.44
4472	V62.6
4473	799.2
4474	754.71
4475	345.70
4476	709.1
4477	V12.55
4478	574.60
4479	458.8
4480	952.2
4481	665.93
4482	511.89
4483	944.08
4484	595.3
4485	729.4
4486	788.62
4487	641.03
4488	711.96
4489	379.59
4490	639.8
4491	V79.9
4492	753.7
4493	823.02
4494	719.66
4495	197.4
4496	934.0
4497	943.30
4498	291.89
4499	962.7
4500	V10.61
4501	V62.84
4502	775.81
4503	669.32
4504	805.01
4505	V76.19
4506	334.2
4507	V64.4
4508	296.43
4509	845.19
4510	344.2
4511	245.0
4512	477.1
4513	371.23
4514	287.31
4515	E933.0
4516	649.03
4517	374.41
4518	E958.9
4519	296
4520	375.30
4521	767.3
4522	943.13
4523	150.8
4524	157.1
4525	995.60
4526	993.3
4527	377.75
4528	070.33
4529	733.3
4530	770.0
4531	756.71
4532	619.0
4533	823.30
4534	V10.88
4535	279.12
4536	V06.2
4537	995.59
4538	420.0
4539	942.20
4540	583.1
4541	208.0
4542	091.2
4543	V13.09
4544	969.3
4545	736.75
4546	V21.32
4547	862.1
4548	V42.83
4549	776.8
4550	542
4551	996.86
4552	793.8
4553	823.11
4554	786.4
4555	873.9
4556	719.54
4557	213.4
4558	363.00
4559	422.90
4560	963.0
4561	750.6
4562	919.2
4563	301.51
4564	535.11
4565	845.09
4566	442.89
4567	618.04
4568	791.3
4569	764.97
4570	810.10
4571	V48.9
4572	195.8
4573	V14.2
4574	819.0
4575	717.0
4576	755.64
4577	593.73
4578	739.0
4579	428.40
4580	289.51
4581	V12.04
4582	730.04
4583	774.30
4584	802.5
4585	556.3
4586	942.03
4587	658.00
4588	615.1
4589	307.52
4590	779.7
4591	110.8
4592	774.1
4593	812.43
4594	618.8
4595	956.3
4596	597.0
4597	224.6
4598	V33.01
4599	461.1
4600	145.5
4601	656.10
4602	780.65
4603	995.51
4604	923.1
4605	159.9
4606	746.2
4607	293.84
4608	765.05
4609	098.50
4610	442.3
4611	493.81
4612	366.50
4613	728.84
4614	388.01
4615	718.58
4616	302.70
4617	674.54
4618	664.04
4619	054.19
4620	643.23
4621	008.5
4622	042.2
4623	V10.47
4624	353.9
4625	983.9
4626	507.8
4627	744.02
4628	713.8
4629	373.12
4630	907.1
4631	482.39
4632	873.62
4633	098.2
4634	655.63
4635	E858.6
4636	600.20
4637	V55.8
4638	806.00
4639	575.6
4640	942.02
4641	011.20
4642	447.0
4643	916.8
4644	V49.89
4645	275.09
4646	378.73
4647	733.10
4648	365.10
4649	256.39
4650	V37.00
4651	516.0
4652	V26.51
4653	754.82
4654	945
4655	008.69
4656	817.0
4657	648.00
4658	253.4
4659	737.9
4660	716.9
4661	642.92
4662	225.3
4663	587
4664	744.9
4665	656.13
4666	996.77
4667	147.1
4668	270.2
4669	654.10
4670	300
4671	312.81
4672	623.2
4673	868.13
4674	879.3
4675	654.43
4676	914.4
4677	726.6
4678	E920.5
4679	V49.76
4680	567.23
4681	357.89
4682	741.92
4683	747.60
4684	918.0
4685	084.0
4686	213.3
4687	922.3
4688	648.33
4689	218
4690	V53.99
4691	523.9
4692	307.47
4693	764.05
4694	321.0
4695	648.53
4696	810.02
4697	368.10
4698	671.82
4699	735.1
4700	764.03
4701	865.03
4702	875.1
4703	190.1
4704	366.02
4705	879.7
4706	V78.3
4707	362.18
4708	718.01
4709	296.2
4710	V58.89
4711	189.2
4712	718.56
4713	795.39
4714	969.6
4715	266.9
4716	275.1
4717	753.9
4718	371.60
4719	590.9
4720	272.3
4721	623.0
4722	V65.2
4723	V45.00
4724	891.2
4725	995.62
4726	747.82
4727	945.06
4728	268.2
4729	V51.0
4730	813.03
4731	E950.9
4732	159.0
4733	E949.9
4734	655.71
4735	945.29
4736	428.22
4737	621.3
4738	825.21
4739	622.0
4740	410.10
4741	200.00
4742	347.01
4743	215.5
4744	784.99
4745	790.9
4746	801.22
4747	260
4748	322.2
4749	482.30
4750	992.0
4751	363.30
4752	944.10
4753	646.00
4754	195.3
4755	887.0
4756	385.89
4757	749.01
4758	955.2
4759	V02.54
4760	655.13
4761	130.7
4762	V34.00
4763	794.02
4764	593.6
4765	756.7
4766	483.0
4767	864.00
4768	202.8
4769	V78.0
4770	996.00
4771	787.29
4772	V49.83
4773	604.0
4774	320.8
4775	302.6
4776	V10.03
4777	E985.4
4778	552.9
4779	305.51
4780	277.7
4781	152.0
4782	748.1
4783	900.00
4784	758.2
4785	381.1
4786	762.0
4787	621.9
4788	730.24
4789	011.00
4790	352.6
4791	727.60
4792	378.87
4793	718.88
4794	718.43
4795	795.51
4796	491.2
4797	362.12
4798	474.9
4799	304.71
4800	730.16
4801	593.81
4802	446.0
4803	952.9
4804	728.3
4805	453.75
4806	526.0
4807	946.2
4808	304.81
4809	716.17
4810	764.29
4811	362.20
4812	009.1
4813	692.89
4814	692.83
4815	943.10
4816	153.1
4817	533.70
4818	153.6
4819	378.53
4820	368.16
4821	790.8
4822	908.1
4823	198.6
4824	524.11
4825	214.0
4826	307.89
4827	112.4
4828	433.20
4829	284.11
4830	869.0
4831	V11.1
4832	221.2
4833	643.93
4834	359.89
4835	259.2
4836	714.3
4837	451.82
4838	755.69
4839	V23.89
4840	863.40
4841	376.81
4842	718.21
4843	223.3
4844	215.6
4845	659.60
4846	V73.3
4847	V67.6
4848	987.8
4849	053.20
4850	831
4851	E819.8
4852	941.27
4853	788
4854	686.0
4855	715.89
4856	355.3
4857	698.2
4858	438.84
4859	312.8
4860	379.24
4861	881.10
4862	606.0
4863	625.5
4864	314.0
4865	780.55
4866	270.6
4867	387.9
4868	V02.62
4869	333.82
4870	482.3
4871	172.4
4872	256.1
4873	366.14
4874	437.4
4875	E825.9
4876	897.2
4877	924.10
4878	302.9
4879	098.15
4880	793.99
4881	435.1
4882	972.4
4883	054.3
4884	238.3
4885	474.2
4886	763.5
4887	657.03
4888	011.92
4889	664.41
4890	150.4
4891	V85.37
4892	602.8
4893	277.89
4894	807.09
4895	964.0
4896	821.22
4897	885.0
4898	847.1
4899	V14.1
4900	289.59
4901	569.85
4902	E932.8
4903	665.61
4904	991.2
4905	304.2
4906	003.1
4907	996.56
4908	370.8
4909	099.54
4910	767.7
4911	852.06
4912	335.24
4913	671.01
4914	718.52
4915	995.80
4916	433.01
4917	715
4918	242.30
4919	212.2
4920	646.82
4921	296.45
4922	595.82
4923	307.7
4924	289.6
4925	094.9
4926	965.1
4927	388.31
4928	442.0
4929	299.01
4930	642.64
4931	916.4
4932	484.6
4933	379.43
4934	423.2
4935	686.01
4936	V69.5
4937	251.4
4938	918.9
4939	346.11
4940	754.35
4941	759.81
4942	365.20
4943	279.01
4944	227.4
4945	E919.4
4946	789.33
4947	V10.22
4948	730.21
4949	296.03
4950	718.54
4951	V47.3
4952	053.12
4953	427.3
4954	739.8
4955	239.89
4956	965.09
4957	599.8
4958	996.75
4959	154.2
4960	358.01
4961	052.8
4962	402.01
4963	786.04
4964	715.92
4965	803.01
4966	669.41
4967	172.8
4968	017.90
4969	202.86
4970	601.8
4971	484.7
4972	V81.1
4973	433.2
4974	718.95
4975	304.03
4976	342.80
4977	813.31
4978	733.44
4979	305.10
4980	715.27
4981	749.25
4982	567.29
4983	346.0
4984	813.45
4985	786.30
4986	660.81
4987	836.4
4988	552.21
4989	743.53
4990	647.21
4991	607.0
4992	580.81
4993	E920.2
4994	736.07
4995	366.0
4996	640.90
4997	655.03
4998	312.23
4999	617.2
5000	816.1
5001	346.81
5002	533.00
5003	779.9
5004	V26.33
5005	252.1
5006	784.51
5007	680.6
5008	378.22
5009	580.4
5010	283.2
5011	864.03
5012	420.99
5013	989.82
5014	914.8
5015	E855.4
5016	E919.8
5017	376.22
5018	722.32
5019	651.21
5020	289.50
5021	744.89
5022	716.81
5023	442.84
5024	377.01
5025	126.9
5026	176.4
5027	719.09
5028	378.01
5029	847.3
5030	537.3
5031	070.59
5032	E826
5033	451.83
5034	410.1
5035	717.2
5036	288.1
5037	011.91
5038	282.42
5039	053.29
5040	714.33
5041	690.11
5042	372.64
5043	811.00
5044	750.4
5045	696.8
5046	208.01
5047	647.93
5048	764.91
5049	831.0
5050	369.20
5051	331.89
5052	820.13
5053	324.0
5054	582.89
5055	842.01
5056	200.18
5057	610.9
5058	V27.5
5059	660.71
5060	656.33
5061	V49.9
5062	195.4
5063	457.2
5064	658.31
5065	736.31
5066	482.83
5067	160.8
5068	V10.84
5069	371.03
5070	854.06
5071	V11.2
5072	758
5073	532.91
5074	V54.13
5075	848.3
5076	245.1
5077	794.2
5078	733.9
5079	611.3
5080	411.81
5081	736.6
5082	813
5083	718.41
5084	635.01
5085	306.2
5086	304.23
5087	362.32
5088	863.99
5089	711.03
5090	995.55
5091	V16.40
5092	438.19
5093	922.32
5094	868.04
5095	910.2
5096	718.90
5097	414.05
5098	202
5099	989.0
5100	929.9
5101	271.1
5102	987.1
5103	716.10
5104	V84.02
5105	375.20
5106	896.2
5107	998.4
5108	569.71
5109	200.03
5110	E880.0
5111	007.4
5112	094.3
5113	410.12
5114	447.4
5115	580.0
5116	V45.75
5117	V12.02
5118	361.02
5119	E938.2
5120	788.37
5121	764.92
5122	E850.8
5123	995.61
5124	658.81
5125	763.9
5126	303.92
5127	714.81
5128	E858.4
5129	V58.63
5130	759.1
5131	666.04
5132	192.3
5133	716
5134	305.23
5135	E934.6
5136	132.1
5137	E938.4
5138	355.1
5139	160.9
5140	749.02
5141	671.51
5142	802.2
5143	V01.84
5144	948.11
5145	659.01
5146	868.10
5147	296.21
5148	814.13
5149	718.05
5150	635.72
5151	851.86
5152	914.0
5153	958.2
5154	528.79
5155	922.0
5156	370.40
5157	V62.2
5158	309.82
5159	825.30
5160	038.3
5161	664.24
5162	807.07
5163	189.3
5164	156.1
5165	996.40
5166	295.3
5167	384.01
5168	719.02
5169	575.3
5170	E860.1
5171	718.48
5172	349.31
5173	V47.1
5174	V09.80
5175	647.91
5176	388.5
5177	942.32
5178	E932.3
5179	V04.6
5180	997.49
5181	719.14
5182	852.21
5183	164.0
5184	643.9
5185	633.91
5186	730.22
5187	846
5188	917.2
5189	788.99
5190	410.7
5191	250.4
5192	289.83
5193	370.06
5194	183.2
5195	V53.32
5196	365.44
5197	E942.6
5198	V44.8
5199	282.69
5200	341.0
5201	648.0
5202	758.4
5203	618.01
5204	V13.65
5205	928.8
5206	133.9
5207	634.12
5208	V86.1
5209	814
5210	770.10
5211	307.48
5212	433.0
5213	273.2
5214	230.0
5215	919.8
5216	E948.6
5217	641.01
5218	787.04
5219	414.06
5220	V13.4
5221	458.21
5222	813.93
5223	E927.0
5224	278.3
5225	924.0
5226	277
5227	860.5
5228	606.1
5229	E816.1
5230	756.17
5231	144.9
5232	942.31
5233	808.0
5234	V58.41
5235	360.34
5236	946.1
5237	786.02
5238	478.22
5239	323.6
5240	E939.5
5241	944.33
5242	922.4
5243	905.7
5244	710.8
5245	415.0
5246	534.50
5247	945.34
5248	225.9
5249	362.36
5250	944.28
5251	642.42
5252	595
5253	375.31
5254	388.71
5255	305.41
5256	674.24
5257	427.42
5258	761.4
5259	380.15
5260	596.4
5261	815.0
5262	E975
5263	164.3
5264	651.33
5265	077.8
5266	736.09
5267	914.6
5268	V53.09
5269	727.40
5270	737.34
5271	V10.60
5272	V45.74
5273	175.9
5274	480.0
5275	919.7
5276	V24.1
5277	864.13
5278	765.01
5279	039.9
5280	942.23
5281	421.9
5282	607.85
5283	435.8
5284	V45.09
5285	820.00
5286	618.7
5287	V81.0
5288	611.81
5289	184.8
5290	602.0
5291	E850.0
5292	618.9
5293	280.1
5294	722.90
5295	870
5296	327.01
5297	376.00
5298	173.2
5299	945.03
5300	269.2
5301	E866.0
5302	995.29
5303	157.3
5304	754.60
5305	596.6
5306	294.0
5307	801.12
5308	746.84
5309	313.21
5310	205.02
5311	478.26
5312	147.0
5313	200.80
5314	236.5
5315	666.32
5316	785
5317	971.1
5318	362.05
5319	757.8
5320	506.3
5321	695.2
5322	V75.9
5323	354.4
5324	552.20
5325	208.10
5326	913.2
5327	805.5
5328	280.8
5329	770.11
5330	782
5331	816.13
5332	995.83
5333	250.21
5334	530.21
5335	269.8
5336	374.84
5337	756.50
5338	943.23
5339	295.35
5340	530.4
5341	598.00
5342	969.7
5343	530.20
5344	718.93
5345	202.50
5346	300.15
5347	V15.5
5348	550.00
5349	E919.9
5350	532.70
5351	V21.34
5352	337.29
5353	386.02
5354	533.9
5355	121.1
5356	652.01
5357	718.15
5358	E865.1
5359	008.62
5360	795.7
5361	777.50
5362	110.6
5363	649.41
5364	337.20
5365	799.22
5366	V49.73
5367	361.32
5368	652.91
5369	372.42
5370	989.89
5371	524.2
5372	V33.0
5373	718.17
5374	364.01
5375	270.0
5376	038.41
5377	649.01
5378	211.0
5379	719.80
5380	288.2
5381	996.84
5382	722.72
5383	941.29
5384	714.32
5385	918.2
5386	007.2
5387	635.11
5388	655.00
5389	351.9
5390	V42.89
5391	389.14
5392	715.80
5393	E930.0
5394	122.8
5395	011.80
5396	041.05
5397	616
5398	801.06
5399	362.57
5400	375.42
5401	795.1
5402	190.9
5403	748.4
5404	915.0
5405	441.02
5406	582.2
5407	362.41
5408	517.2
5409	033.0
5410	286.2
5411	V85.43
5412	159.8
5413	730.19
5414	558.41
5415	581.3
5416	801.00
5417	726.8
5418	761.2
5419	946.0
5420	040.89
5421	648.82
5422	385.83
5423	524.01
5424	V76.50
5425	423.8
5426	737.19
5427	342.11
5428	770.88
5429	787.9
5430	192.9
5431	010.90
5432	V42.3
5433	793.2
5434	742.8
5435	296.62
5436	327.51
5437	662.01
5438	564.4
5439	053.21
5440	525
5441	376.33
5442	695.0
5443	282.1
5444	719.68
5445	011.94
5446	242.9
5447	972.0
5448	696.2
5449	250
5450	212.0
5451	942.34
5452	372.50
5453	742.51
5454	213.8
5455	753.23
5456	326
5457	757.2
5458	533.40
5459	915.8
5460	346.1
5461	941.23
5462	357.8
5463	E880.1
5464	753.11
5465	762.3
5466	342.10
5467	623.7
5468	730.05
5469	352.1
5470	730.08
5471	794.9
5472	661.03
5473	707.12
5474	715.0
5475	620.9
5476	274.01
5477	733.16
5478	160.1
5479	V75.4
5480	738.8
5481	296.41
5482	947.0
5483	V62.5
5484	813.20
5485	834.10
5486	754.62
5487	873.59
5488	V45.79
5489	726.60
5490	813.23
5491	236.4
5492	153.7
5493	680.5
5494	378.34
5495	372.13
5496	149.0
5497	718.83
5498	726.65
5499	038.44
5500	596.2
5501	727.62
5502	099.55
5503	339.00
5504	721.41
5505	745.8
5506	950.0
5507	945.32
5508	V70.6
5509	E870.5
5510	715.38
5511	054.13
5512	816.03
5513	288.61
5514	651.00
5515	810
5516	617.5
5517	998.30
5518	146.9
5519	245.8
5520	719.64
5521	203.02
5522	370.24
5523	250.53
5524	371.50
5525	V12.70
5526	719.26
5527	722.92
5528	593.1
5529	657.01
5530	378.71
5531	529.9
5532	737.43
5533	617.4
5534	290.41
5535	V56.1
5536	225.8
5537	719.05
5538	423.3
5539	736.21
5540	352.4
5541	242.01
5542	V43.21
5543	955.1
5544	659.73
5545	V17.0
5546	527.6
5547	215.4
5548	V85.32
5549	714.2
5550	162.4
5551	719.60
5552	446.2
5553	369.70
5554	799
5555	368.44
5556	719.17
5557	307.3
5558	404.92
5559	717.41
5560	E865.8
5561	750.15
5562	648.20
5563	743.8
5564	671.54
5565	V63.2
5566	E946.0
5567	V13.5
5568	702.1
5569	996.09
5570	238.77
5571	751.62
5572	257.9
5573	671.02
5574	741.91
5575	018.90
5576	300.22
5577	398.91
5578	750.7
5579	807.2
5580	279.8
5581	376.21
5582	690.18
5583	789.34
5584	658.40
5585	423.1
5586	790.91
5587	451.1
5588	763.0
5589	382.4
5590	731.2
5591	768.2
5592	574.01
5593	V58.75
5594	719.0
5595	945.14
5596	V52.8
5597	170.8
5598	910.4
5599	305.02
5600	979.9
5601	V49.71
5602	732.3
5603	753.5
5604	755.9
5605	478.20
5606	295.84
5607	039.0
5608	730.15
5609	941.20
5610	379.51
5611	642.13
5612	719.85
5613	872.10
5614	148.9
5615	367.89
5616	675.12
5617	345.4
5618	552.3
5619	385.19
5620	127.0
5621	698.4
5622	787.60
5623	755.12
5624	348.31
5625	988.0
5626	V85.42
5627	033.1
5628	429.71
5629	354.8
5630	305.11
5631	111.1
5632	843.8
5633	904.53
5634	916.2
5635	646.40
5636	372.51
5637	748.2
5638	293.89
5639	269.1
5640	356.2
5641	219.1
5642	230.3
5643	200.23
5644	818
5645	533.30
5646	205.0
5647	862.22
5648	322.0
5649	V14.5
5650	807.03
5651	009.3
5652	435.2
5653	943.09
5654	380.32
5655	754.4
5656	361.05
5657	333.89
5658	295.9
5659	680.0
5660	808.42
5661	E899
5662	221.1
5663	941.18
5664	629
5665	283.10
5666	V85.1
5667	721.2
5668	733.41
5669	626.5
5670	342.91
5671	936
5672	V43.66
5673	344.30
5674	943.11
5675	333.92
5676	524.03
5677	E930.7
5678	733.14
5679	812.10
5680	440.31
5681	295.33
5682	733.15
5683	V12.4
5684	924.2
5685	139.0
5686	V05.9
5687	205.1
5688	E939.0
5689	313.23
5690	214.2
5691	V15.9
5692	441.1
5693	692.7
5694	664.51
5695	V15.41
5696	707.21
5697	867.0
5698	718.00
5699	V60.9
5700	V13.6
5701	986
5702	719.77
5703	492
5704	646.3
5705	E956
5706	943.25
5707	342.81
5708	904.51
5709	304.40
5710	622.2
5711	V16.9
5712	V29.1
5713	943.0
5714	V62.0
5715	974.5
5716	959.11
5717	733.95
5718	526.2
5719	788.35
5720	E923.0
5721	333.0
5722	V72.42
5723	374.87
5724	748.8
5725	V45.76
5726	715.12
5727	242.80
5728	755.0
5729	641.10
5730	941.26
5731	295.00
5732	564.5
5733	277.1
5734	307.80
5735	V58.31
5736	438.52
5737	874.9
5738	743.00
5739	291.3
5740	752.11
5741	253.8
5742	148.1
5743	E925.9
5744	564.2
5745	V69.9
5746	878.9
5747	369.8
5748	364.74
5749	360.89
5750	141.4
5751	853.00
5752	386.50
5753	521.5
5754	861.31
5755	E866.9
5756	601
5757	755.26
5758	300.14
5759	V32.00
5760	V58.73
5761	398.99
5762	V25.12
5763	E817.9
5764	V13.69
5765	E967.1
5766	384.21
5767	719.9
5768	814.0
5769	054.12
5770	996.31
5771	618.83
5772	896.0
5773	288.66
5774	360.43
5775	580.89
5776	642.53
5777	284.19
5778	048
5779	194.1
5780	V15.51
5781	667.12
5782	866.01
5783	823.32
5784	805.05
5785	157.2
5786	205.90
5787	641.81
5788	236.0
5789	916.5
5790	663.91
5791	581.2
5792	414.2
5793	962.3
5794	866.12
5795	V10.53
5796	770.3
5797	202.94
5798	484.1
5799	693.9
5800	V12.42
5801	183
5802	903.3
5803	761.5
5804	456.5
5805	894.1
5806	381.20
5807	E950.5
5808	E944.4
5809	416.2
5810	942.04
5811	956.9
5812	V23.3
5813	410.4
5814	757.0
5815	E906.8
5816	530.0
5817	983.0
5818	782.61
5819	654.40
5820	172.6
5821	645.10
5822	838.03
5823	634.00
5824	664.00
5825	568.9
5826	410.51
5827	444
5828	607.81
5829	654.50
5830	656.71
5831	765
5832	054.8
5833	760.5
5834	238.79
5835	453.51
5836	651.41
5837	583.0
5838	622.8
5839	E939.3
5840	282.3
5841	198.7
5842	170.2
5843	657.00
5844	V27.3
5845	779.33
5846	997.01
5847	454.8
5848	453.71
5849	256.9
5850	969.1
5851	V53.01
5852	E958.8
5853	756.81
5854	582.0
5855	V54.09
5856	726.12
5857	862.9
5858	173.6
5859	815.10
5860	275.8
5861	E895
5862	457.0
5863	184.4
5864	279.9
5865	334.1
5866	551.00
5867	729
5868	296.55
5869	257.1
5870	362.34
5871	424.9
5872	647.23
5873	762.4
5874	164.2
5875	602.3
5876	E829.4
5877	739.1
5878	E828.9
5879	V42.8
5880	181
5881	043.1
5882	256.0
5883	304.11
5884	428.21
5885	V17.2
5886	654.71
5887	209.60
5888	224.0
5889	671.21
5890	453.6
5891	192.1
5892	998.51
5893	747.64
5894	717.82
5895	528.6
5896	141.8
5897	200.81
5898	550.11
5899	V49.65
5900	141.6
5901	360.12
5902	880.19
5903	718.4
5904	410.0
5905	360.03
5906	344.89
5907	231.0
5908	E917.5
5909	752.64
5910	E939.8
5911	801.31
5912	V53.02
5913	V67.4
5914	738.9
5915	V23.0
5916	950.2
5917	512.2
5918	813.15
5919	500
5920	046.2
5921	187.9
5922	987.0
5923	E866.1
5924	634.10
5925	148.0
5926	378.11
5927	834.0
5928	251.3
5929	165.8
5930	960.0
5931	839.20
5932	852.41
5933	717.84
5934	V60.8
5935	719.28
5936	778.1
5937	807.0
5938	949.1
5939	604.9
5940	824.1
5941	398.9
5942	V10.86
5943	833.04
5944	374.11
5945	848.1
5946	156.0
5947	665.44
5948	739.4
5949	903.02
5950	634.21
5951	614.5
5952	447.5
5953	V68.2
5954	727.64
5955	388.2
5956	V48.8
5957	730.14
5958	360.13
5959	304.10
5960	777.6
5961	594.9
5962	277.09
5963	821.11
5964	383.22
5965	991.9
5966	906.0
5967	E854.0
5968	873.39
5969	948.33
5970	718.49
5971	778.5
5972	088.8
5973	003.22
5974	438.13
5975	375.52
5976	941.19
5977	304.31
5978	V61.29
5979	200.41
5980	675.01
5981	375.22
5982	365.65
5983	361.07
5984	943.26
5985	E884.3
5986	622.4
5987	E987.1
5988	V15.87
5989	629.23
5990	965.02
5991	854.10
5992	E804
5993	011.95
5994	327.21
5995	380.81
5996	749.04
5997	372.63
5998	V59.70
5999	374.50
6000	649.43
6001	626.3
6002	223.1
6003	E881.1
6004	374.20
6005	V23.82
6006	052.0
6007	863.53
6008	760.70
6009	201.48
6010	711.94
6011	493.82
6012	890.1
6013	170
6014	482.42
6015	616.89
6016	841.8
6017	289.82
6018	035
6019	719.11
6020	696.4
6021	365.24
6022	V81.2
6023	011.22
6024	295
6025	650.0
6026	800.6
6027	641.91
6028	438.30
6029	V61.2
6030	814.15
6031	524.04
6032	634.51
6033	E943.8
6034	664.54
6035	371.10
6036	V45.12
6037	359.23
6038	173.90
6039	E823.0
6040	V37.0
6041	414.19
6042	588.8
6043	985.0
6044	235.9
6045	V02.69
6046	443
6047	V17.41
6048	892
6049	823.21
6050	070.53
6051	V18.1
6052	V31.1
6053	732.8
6054	635.82
6055	402.1
6056	710.5
6057	659.50
6058	627.4
6059	370.60
6060	744.82
6061	532.50
6062	369.10
6063	573.2
6064	917.5
6065	338.28
6066	905.6
6067	644.2
6068	753.14
6069	755.39
6070	628.4
6071	653.43
6072	709
6073	913.5
6074	528.4
6075	806.26
6076	E931.8
6077	410.02
6078	279.11
6079	599.69
6080	705.22
6081	230.7
6082	E870.3
6083	954.1
6084	755.25
6085	656.60
6086	812.0
6087	E891.8
6088	839.9
6089	847.4
6090	634.01
6091	E821.7
6092	307.59
6093	649.51
6094	364.60
6095	637.71
6096	V72.63
6097	747.40
6098	930.8
6099	176.2
6100	003.20
6101	015.90
6102	794.0
6103	E942.2
6104	763.89
6105	312.31
6106	564.02
6107	V61.11
6108	669.21
6109	036.1
6110	726.61
6111	E922.8
6112	242.40
6113	222.0
6114	222.1
6115	835.10
6116	V65.1
6117	659.43
6118	800.25
6119	V52.0
6120	718.10
6121	E848
6122	111.8
6123	202.02
6124	996.89
6125	996.55
6126	E838.3
6127	013.00
6128	719.10
6129	812.03
6130	716.1
6131	163.0
6132	375
6133	763.8
6134	718.25
6135	438.6
6136	114.0
6137	482.81
6138	202.70
6139	377.0
6140	676.90
6141	363.61
6142	762.2
6143	377.49
6144	980.0
6145	V12.7
6146	E818.1
6147	719.6
6148	145.2
6149	730.09
6150	934.9
6151	V60.3
6152	614
6153	016.1
6154	204.02
6155	008.44
6156	962.8
6157	760.71
6158	864.14
6159	915
6160	832.0
6161	756.52
6162	674.03
6163	E861.4
6164	442.83
6165	943.03
6166	664.91
6167	661.43
6168	017.95
6169	053.10
6170	960.6
6171	780.62
6172	805.07
6173	464
6174	908.4
6175	E850.6
6176	950.3
6177	622.5
6178	359.6
6179	877.1
6180	361.0
6181	712.36
6182	912.9
6183	749.11
6184	851.02
6185	733.03
6186	791.2
6187	911.5
6188	304.61
6189	802.9
6190	V43.82
6191	374.43
6192	523.20
6193	718.94
6194	222.4
6195	194.6
6196	016.10
6197	903.1
6198	295.71
6199	E942.4
6200	194.5
6201	E955.9
6202	708
6203	853.02
6204	698.0
6205	372.89
6206	608.82
6207	E864.2
6208	V58.76
6209	345.2
6210	840
6211	128.8
6212	763.6
6213	376.41
6214	558.42
6215	327.20
6216	V73.8
6217	825.22
6218	966.3
6219	022.9
6220	675.92
6221	863.0
6222	304.51
6223	980.2
6224	242.10
6225	812.51
6226	456.6
6227	755.35
6228	752.45
6229	994.9
6230	150.0
6231	254.1
6232	820.02
6233	656.83
6234	648.73
6235	E884.1
6236	810.03
6237	595.81
6238	945.0
6239	395.9
6240	777.51
6241	651.11
6242	633.00
6243	453.72
6244	750.29
6245	015.00
6246	364.10
6247	429.1
6248	379.55
6249	665.72
6250	E814.3
6251	973.1
6252	887.6
6253	V53.59
6254	369.13
6255	658.9
6256	365.62
6257	719.22
6258	971.3
6259	432.9
6260	948.20
6261	389.7
6262	941.14
6263	E932.4
6264	236.7
6265	446.21
6266	649.33
6267	377.31
6268	813.16
6269	727.2
6270	202.40
6271	V72.12
6272	459.11
6273	482.84
6274	307.42
6275	127.2
6276	756.15
6277	959
6278	653.01
6279	758.39
6280	010.84
6281	209.72
6282	719.83
6283	441.5
6284	788.64
6285	597.81
6286	642.30
6287	E819.2
6288	941.07
6289	V01.81
6290	916.6
6291	736.2
6292	202.58
6293	E814.8
6294	V10.71
6295	801.20
6296	V10.40
6297	482
6298	922
6299	362.71
6300	304.72
6301	755.34
6302	646.53
6303	303.9
6304	928.20
6305	445.89
6306	372.41
6307	271.9
6308	534.40
6309	863.89
6310	004.1
6311	646.64
6312	363.70
6313	804.0
6314	617.6
6315	277.01
6316	646.70
6317	377.16
6318	765.09
6319	576.5
6320	800.80
6321	V07.0
6322	371.30
6323	371.24
6324	414.07
6325	202.83
6326	718.75
6327	404.90
6328	006.8
6329	716.06
6330	E869.3
6331	017.0
6332	538
6333	054.49
6334	E946.8
6335	320.0
6336	258.1
6337	397.9
6338	813.52
6339	386.40
6340	369.63
6341	642.32
6342	355.0
6343	656.23
6344	202.30
6345	992.9
6346	V23.49
6347	633.81
6348	573.4
6349	694.9
6350	671.90
6351	520.5
6352	647.62
6353	733.11
6354	030.9
6355	611.83
6356	871.5
6357	115.95
6358	668.11
6359	E843.3
6360	608.20
6361	369.01
6362	V50.41
6363	173.51
6364	942.43
6365	376.51
6366	744.00
6367	453.76
6368	375.21
6369	386.0
6370	V85.0
6371	743.62
6372	381.60
6373	237.72
6374	V67.3
6375	800.29
6376	755.56
6377	208.1
6378	091.0
6379	176.1
6380	360.01
6381	763.7
6382	996.53
6383	942.24
6384	668.01
6385	V55.4
6386	596.1
6387	878.2
6388	315.35
6389	761.9
6390	915.2
6391	518.51
6392	208.80
6393	070.41
6394	V54.17
6395	371.57
6396	779.6
6397	908.3
6398	648.50
6399	201
6400	715.14
6401	733.19
6402	364.04
6403	996.43
6404	V42.84
6405	995.90
6406	721.42
6407	582.4
6408	944.32
6409	383.81
6410	339.12
6411	941.03
6412	201.41
6413	913.4
6414	911.3
6415	801.11
6416	784.61
6417	446
6418	799.29
6419	736.04
6420	370.50
6421	641.20
6422	385.31
6423	904.50
6424	098.10
6425	998.81
6426	362.33
6427	812.31
6428	730.02
6429	621.4
6430	643.10
6431	091.1
6432	296.51
6433	862.39
6434	V13.03
6435	860.3
6436	860.4
6437	410.72
6438	939.0
6439	389.04
6440	712.27
6441	621.33
6442	861.12
6443	782.6
6444	712.29
6445	623.6
6446	655.1
6447	V74.4
6448	378.83
6449	947.2
6450	996.70
6451	813.11
6452	719.69
6453	V43.2
6454	200.2
6455	V12.53
6456	671.03
6457	255.42
6458	362.52
6459	365.89
6460	E922.0
6461	033.8
6462	V48.3
6463	300.7
6464	366.11
6465	743.39
6466	007.3
6467	441.0
6468	863.29
6469	937
6470	754.41
6471	658.43
6472	200.02
6473	V32.01
6474	624.2
6475	099.3
6476	164.1
6477	676.24
6478	527.3
6479	574.61
6480	136.0
6481	851.80
6482	438.53
6483	386.2
6484	123.3
6485	525.3
6486	V53.3
6487	764.93
6488	655.60
6489	299.0
6490	V40.2
6491	520.9
6492	V82.81
6493	015.50
6494	669.82
6495	V43.8
6496	V76.8
6497	844.3
6498	201.60
6499	550.0
6500	621.2
6501	962.0
6502	955.3
6503	794.7
6504	928.9
6505	669.34
6506	638.9
6507	800.91
6508	341.20
6509	V16.8
6510	V14.7
6511	208.91
6512	923.02
6513	288.69
6514	923.2
6515	152.8
6516	524.89
6517	279.0
6518	635.62
6519	305.62
6520	206.10
6521	425.2
6522	024
6523	716.87
6524	834.02
6525	864.04
6526	634.72
6527	707.06
6528	290.1
6529	813.33
6530	V54.29
6531	729.73
6532	913.6
6533	277.39
6534	808.41
6535	661.10
6536	E919.3
6537	290.3
6538	669.83
6539	730.88
6540	285
6541	945.05
6542	385.33
6543	820.0
6544	E944.7
6545	291.4
6546	125.9
6547	915.7
6548	642.94
6549	654.00
6550	011.82
6551	200
6552	941.06
6553	484.8
6554	377.43
6555	410.42
6556	338.12
6557	574.90
6558	374.46
6559	158.9
6560	756.55
6561	312.4
6562	732
6563	564.8
6564	738.6
6565	E933.3
6566	722.5
6567	715.10
6568	653.20
6569	E891.2
6570	E924.1
6571	410.2
6572	274.02
6573	V47.2
6574	655.10
6575	944.03
6576	306.0
6577	V65.19
6578	803.02
6579	E826.8
6580	E804.3
6581	708.5
6582	403.01
6583	E883.0
6584	524.5
6585	594.8
6586	184.0
6587	368.15
6588	983.2
6589	271.8
6590	536.0
6591	873.61
6592	801.36
6593	344.4
6594	790.09
6595	379.25
6596	115.99
6597	249.01
6598	E901.9
6599	491.1
6600	844
6601	173.1
6602	212.8
6603	V43.4
6604	714.4
6605	951.4
6606	785.5
6607	927.11
6608	379.34
6609	851.96
6610	289.52
6611	764.13
6612	621.31
6613	633.80
6614	947.1
6615	446.7
6616	795.13
6617	387.1
6618	519.3
6619	642.73
6620	653.10
6621	391.0
6622	871.1
6623	268.1
6624	364.22
6625	516.1
6626	396.1
6627	173.62
6628	464.11
6629	736.30
6630	752.3
6631	282.64
6632	567.0
6633	E815.0
6634	647.60
6635	E965.1
6636	230.8
6637	991.3
6638	914.2
6639	694.5
6640	802.7
6641	140.5
6642	814.17
6643	370.03
6644	638.0
6645	994.7
6646	210.0
6647	851.05
6648	665.71
6649	287.8
6650	839.05
6651	V27.4
6652	V77.2
6653	867.8
6654	945.23
6655	374.89
6656	646.22
6657	718.57
6658	030.0
6659	V21.0
6660	E941.3
6661	620.4
6662	191
6663	366.18
6664	904.9
6665	996.49
6666	641.13
6667	383.30
6668	237.9
6669	995.94
6670	001.0
6671	873.51
6672	480.2
6673	998.01
6674	156.8
6675	E885.1
6676	738.5
6677	825.2
6678	593.0
6679	194.9
6680	413.1
6681	527.0
6682	999.52
6683	792.5
6684	V15.08
6685	011.30
6686	960.5
6687	070.44
6688	141.3
6689	170.3
6690	652.70
6691	722.81
6692	757.5
6693	E860.9
6694	374.32
6695	362.06
6696	070
6697	V82.89
6698	736.03
6699	579.2
6700	791.5
6701	386.19
6702	387.0
6703	839.08
6704	099.41
6705	V85.44
6706	887.2
6707	906.9
6708	854.15
6709	453.52
6710	275.03
6711	730.18
6712	V78.9
6713	388.42
6714	173.0
6715	052
6716	831.19
6717	366.23
6718	049.8
6719	E965
6720	444.1
6721	379.57
6722	764.18
6723	595.89
6724	711.91
6725	996.88
6726	070.5
6727	333
6728	060.9
6729	995.65
6730	897.5
6731	384.24
6732	295.02
6733	780.58
6734	367.8
6735	234.8
6736	203.10
6737	694.3
6738	791.6
6739	294.11
6740	852.10
6741	410.8
6742	366.41
6743	274.11
6744	749.12
6745	V84.09
6746	296.42
6747	796
6748	396.8
6749	901.1
6750	726.4
6751	945.24
6752	751.7
6753	459.19
6754	653.73
6755	255.6
6756	520.0
6757	E871.7
6758	E903
6759	380.31
6760	E968.6
6761	733.0
6762	404.91
6763	088.0
6764	681.1
6765	808.59
6766	567.81
6767	V50.42
6768	279.1
6769	747.61
6770	391.9
6771	718.99
6772	736.02
6773	996.47
6774	238.6
6775	372.06
6776	806.20
6777	410.82
6778	798.9
6779	504
6780	077.9
6781	796.6
6782	201.93
6783	V58
6784	E950.7
6785	281.4
6786	246.0
6787	298.2
6788	579.1
6789	388.12
6790	870.9
6791	V42
6792	V18.69
6793	713.1
6794	V23.81
6795	520.8
6796	949.3
6797	676.80
6798	506.4
6799	772.10
6800	719.03
6801	156.9
6802	389.08
6803	010.9
6804	V45.78
6805	914.9
6806	E825.0
6807	E861.5
6808	795.52
6809	219.9
6810	388.3
6811	202.03
6812	523.0
6813	403.0
6814	646.80
6815	312.39
6816	788.38
6817	070.0
6818	205.30
6819	910.9
6820	228
6821	363.63
6822	180.1
6823	084.6
6824	550.02
6825	634.02
6826	386
6827	741.0
6828	391.8
6829	V52.4
6830	663.93
6831	371.02
6832	997.00
6833	V15
6834	721.91
6835	V19.7
6836	655.51
6837	422.91
6838	674.30
6839	941.25
6840	692.74
6841	263.2
6842	447.70
6843	917.9
6844	362.7
6845	E957.9
6846	649.10
6847	781.4
6848	V70.4
6849	942.25
6850	941.09
6851	E814.0
6852	718.32
6853	860.1
6854	368.43
6855	368
6856	455.7
6857	910.7
6858	873.30
6859	718.92
6860	727
6861	V26.41
6862	558.2
6863	997.79
6864	472
6865	389.21
6866	692.5
6867	206.01
6868	954.9
6869	212.3
6870	295.31
6871	451
6872	840.5
6873	774.5
6874	011.84
6875	999.32
6876	667.00
6877	730.03
6878	434.10
6879	721.5
6880	013.41
6881	E853.8
6882	284.2
6883	868.19
6884	416
6885	E853.0
6886	313.82
6887	433.81
6888	026.1
6889	E865.9
6890	013.06
6891	779.84
6892	716.18
6893	965.61
6894	924
6895	277.85
6896	331
6897	873.69
6898	963.5
6899	374.51
6900	E813.6
6901	275.02
6902	E856
6903	V10.29
6904	772.5
6905	304.70
6906	124
6907	654.04
6908	654.01
6909	362.76
6910	378.81
6911	730.39
6912	389.06
6913	036.9
6914	730.90
6915	506.0
6916	295.14
6917	789.4
6918	715.33
6919	V49.63
6920	V07.9
6921	V53.0
6922	202.85
6923	727.82
6924	727.68
6925	307.54
6926	705.0
6927	V11.8
6928	016.30
6929	E938.5
6930	646.01
6931	724.0
6932	654.0
6933	752.4
6934	378.21
6935	943.12
6936	722.80
6937	795.06
6938	531.60
6939	E854.1
6940	203.80
6941	222.2
6942	838.09
6943	902.40
6944	600.90
6945	250.23
6946	994.4
6947	V62.8
6948	143.9
6949	295.1
6950	733.93
6951	070.71
6952	378.60
6953	131.00
6954	129
6955	209.29
6956	973.8
6957	909.0
6958	902.22
6959	146.1
6960	V01.4
6961	999.1
6962	795.2
6963	752.41
6964	648.10
6965	E815.1
6966	491
6967	800.85
6968	266.1
6969	755
6970	831.10
6971	E818.2
6972	989.6
6973	V15.49
6974	250.2
6975	357.81
6976	375.01
6977	293.82
6978	730.29
6979	E818.0
6980	723.2
6981	743.51
6982	774.7
6983	272
6984	440.8
6985	204.82
6986	838.06
6987	321.1
6988	302.3
6989	727.67
6990	002.0
6991	535.30
6992	277.30
6993	134.9
6994	101
6995	011.26
6996	379.46
6997	949.4
6998	E904.0
6999	284.0
7000	665.82
7001	801.02
7002	070.22
7003	743.21
7004	658.93
7005	729.92
7006	E858.7
7007	648.42
7008	942.09
7009	728.10
7010	902.21
7011	V26.4
7012	054.11
7013	111.2
7014	794.15
7015	204.9
7016	V50.9
7017	941.10
7018	233.39
7019	V60.4
7020	523.5
7021	662.20
7022	642.34
7023	676.6
7024	784.60
7025	789.32
7026	381.02
7027	200.51
7028	200.48
7029	344.01
7030	364.0
7031	945.36
7032	377.41
7033	054.6
7034	943.05
7035	015.05
7036	811.02
7037	909.3
7038	754.59
7039	719.89
7040	302.71
7041	523.2
7042	637.00
7043	E873.6
7044	716.51
7045	736.39
7046	719.27
7047	V29.9
7048	718.6
7049	443.24
7050	812.13
7051	456
7052	202.91
7053	V48.0
7054	802.23
7055	V62.1
7056	338.11
7057	372.53
7058	484.3
7059	V57.4
7060	864.10
7061	V10.90
7062	437.7
7063	098.89
7064	200.28
7065	076.9
7066	242.11
7067	760.6
7068	939.9
7069	E812.9
7070	V85.38
7071	333.79
7072	686.09
7073	053.79
7074	201.92
7075	529.5
7076	305.30
7077	655.33
7078	V25.03
7079	799.21
7080	190.6
7081	949
7082	346.51
7083	788.34
7084	978.4
7085	E829.8
7086	704.0
7087	087.0
7088	E944.3
7089	674.1
7090	583.2
7091	795.89
7092	930.1
7093	716.11
7094	110
7095	602.2
7096	802
7097	372.71
7098	648.60
7099	379.2
7100	V77.5
7101	681.0
7102	711.41
7103	583.7
7104	610
7105	353.1
7106	905.9
7107	367.22
7108	641.83
7109	295.94
7110	760.3
7111	365.03
7112	781.7
7113	881.11
7114	669.61
7115	210.7
7116	611.4
7117	673.11
7118	772.14
7119	288.59
7120	250.30
7121	669.23
7122	477.2
7123	924.1
7124	904.8
7125	943.31
7126	733.94
7127	342.82
7128	405.01
7129	765.07
7130	254.9
7131	282
7132	V49.70
7133	320.82
7134	V02.53
7135	V13.2
7136	574.40
7137	V13.9
7138	618
7139	054.43
7140	E920.0
7141	371.71
7142	E937.8
7143	V13.00
7144	996.51
7145	371.42
7146	521.2
7147	708.2
7148	788.5
7149	814.08
7150	E942.9
7151	V17.7
7152	V49.62
7153	E942.0
7154	654.31
7155	478.3
7156	553.02
7157	529.6
7158	117.2
7159	730.98
7160	410
7161	724.03
7162	852.01
7163	V18.9
7164	764.04
7165	E863.6
7166	637.01
7167	772.2
7168	845.13
7169	E806.0
7170	878
7171	E937.0
7172	574.91
7173	386.01
7174	704.9
7175	752.65
7176	884
7177	716.67
7178	972.9
7179	353.3
7180	410.40
7181	944.11
7182	183.8
7183	397.1
7184	373.01
7185	388.43
7186	833
7187	E925.8
7188	255.10
7189	522.2
7190	851.41
7191	273.4
7192	233.5
7193	724
7194	825.1
7195	213.6
7196	646.84
7197	V10.20
7198	690.8
7199	159.1
7200	692.4
7201	997.39
7202	277.88
7203	941.01
7204	519.02
7205	435.3
7206	201.00
7207	V23.5
7208	440.4
7209	996.91
7210	642.44
7211	099.1
7212	800.21
7213	V78.1
7214	582
7215	E968.0
7216	V43.63
7217	365.21
7218	755.37
7219	836.69
7220	235.8
7221	V85.54
7222	597.89
7223	377.03
7224	619.8
7225	332.1
7226	834.11
7227	E935.6
7228	012.00
7229	162.0
7230	375.54
7231	805.08
7232	V75.3
7233	736.76
7234	746.82
7235	453.50
7236	V03.5
7237	789.39
7238	778
7239	233.32
7240	813.90
7241	872.01
7242	761.0
7243	813.8
7244	335.19
7245	012.15
7246	143.1
7247	V72.62
7248	647.03
7249	733.02
7250	339.10
7251	727.02
7252	531.41
7253	330.0
7254	639.2
7255	353.6
7256	651.31
7257	522.4
7258	E816.0
7259	459.10
7260	852.46
7261	384.9
7262	079.53
7263	988.2
7264	590.1
7265	823.0
7266	333.71
7267	459.1
7268	079.83
7269	411.8
7270	640.8
7271	090.40
7272	529.2
7273	V49.86
7274	V74.3
7275	384.1
7276	010.96
7277	432.0
7278	576.3
7279	194
7280	194.8
7281	946.3
7282	719.57
7283	384.00
7284	V15.04
7285	188.1
7286	820.03
7287	335.8
7288	V45.52
7289	771.0
7290	038.12
7291	850.11
7292	424.91
7293	224.9
7294	956.0
7295	711.95
7296	E824.9
7297	053.13
7298	567.89
7299	508.0
7300	298.1
7301	806.22
7302	410.61
7303	150.3
7304	728.4
7305	335.0
7306	381.04
7307	944.21
7308	941.21
7309	989.8
7310	290.21
7311	E967.3
7312	300.89
7313	861.32
7314	755.28
7315	782.9
7316	417.9
7317	478.71
7318	531.11
7319	V06.0
7320	200.0
7321	362.74
7322	359.5
7323	187.4
7324	814.10
7325	569.61
7326	851.81
7327	974.0
7328	315.0
7329	911.4
7330	999.0
7331	873.52
7332	733.45
7333	878.4
7334	E976
7335	707.01
7336	149.8
7337	757.31
7338	E864.3
7339	704.02
7340	250.7
7341	272.6
7342	V73.1
7343	E922.1
7344	V15.59
7345	770.87
7346	680.1
7347	V52.3
7348	630
7349	801.32
7350	131.8
7351	806.35
7352	999.80
7353	359.81
7354	301.84
7355	730.01
7356	571.0
7357	438.85
7358	871.7
7359	312
7360	824.9
7361	235.6
7362	652.9
7363	464.20
7364	V23.1
7365	434
7366	013.95
7367	671.11
7368	343.3
7369	V56.31
7370	719.51
7371	411.89
7372	974.3
7373	994.1
7374	495.9
7375	V74.2
7376	742.53
7377	321.8
7378	944.23
7379	863.46
7380	865.09
7381	312.89
7382	300.13
7383	174
7384	361.30
7385	956.5
7386	231.2
7387	738.10
7388	E814
7389	571.42
7390	718.50
7391	196
7392	755.51
7393	438.21
7394	265.1
7395	E925.0
7396	372.73
7397	996.68
7398	764.95
7399	102.0
7400	E943.9
7401	714
7402	202.60
7403	568.82
7404	350.8
7405	959.12
7406	716.66
7407	923.01
7408	754.40
7409	518.2
7410	236.3
7411	378.86
7412	435
7413	747.39
7414	985.2
7415	079.1
7416	057.0
7417	V50.49
7418	039.1
7419	190.0
7420	366.13
7421	663.83
7422	643.11
7423	851.91
7424	652.13
7425	210.9
7426	641.31
7427	654.03
7428	369.15
7429	960.8
7430	873.72
7431	E861.0
7432	823.92
7433	647.90
7434	386.12
7435	727.4
7436	147.8
7437	658.10
7438	852.05
7439	722.1
7440	E886.9
7441	656.73
7442	V79.0
7443	965.00
7444	927.10
7445	315.4
7446	707.04
7447	154.8
7448	743.57
7449	344.3
7450	301.20
7451	737.11
7452	711.46
7453	707
7454	834.12
7455	621.1
7456	495.3
7457	521.01
7458	971.2
7459	440.29
7460	802.24
7461	764.90
7462	940.1
7463	389.01
7464	655.6
7465	505
7466	917.8
7467	V15.29
7468	265.2
7469	758.8
7470	E945.2
7471	665.84
7472	722.39
7473	E898.1
7474	651.83
7475	027.0
7476	781.5
7477	V85.39
7478	188.7
7479	671.9
7480	765.06
7481	206.00
7482	624.5
7483	523.3
7484	V82.5
7485	V58.71
7486	V84.89
7487	654.20
7488	851.42
7489	805.04
7490	172.2
7491	369.2
7492	E890.3
7493	989
7494	596.7
7495	770.12
7496	526.1
7497	799.89
7498	383.32
7499	362.25
7500	333.4
7501	715.13
7502	871.3
7503	242.81
7504	755.14
7505	440.30
7506	787.5
7507	552.29
7508	E959
7509	671.31
7510	560.30
7511	712.39
7512	417.0
7513	V14.9
7514	E985
7515	868.14
7516	975.5
7517	332
7518	743.47
7519	E815.2
7520	664.81
7521	737.41
7522	743.49
7523	757.3
7524	623.3
7525	903.8
7526	176.9
7527	743.0
7528	140.1
7529	426.50
7530	437.6
7531	E855.0
7532	200.21
7533	633
7534	173.7
7535	985.8
7536	364.71
7537	046.3
7538	641.90
7539	770.18
7540	676.62
7541	524.61
7542	305.22
7543	736.05
7544	624.6
7545	236.90
7546	258.9
7547	304.93
7548	V69.4
7549	011.10
7550	E871.9
7551	250.1
7552	151.3
7553	077.98
7554	E939.6
7555	871.2
7556	360.02
7557	646.51
7558	900.89
7559	564.7
7560	941.24
7561	942.11
7562	098.84
7563	327.29
7564	335.11
7565	305.0
7566	536.1
7567	656.50
7568	647.00
7569	360.30
7570	200.15
7571	E817.1
7572	302.84
7573	366.12
7574	863.39
7575	831.02
7576	819.1
7577	372.43
7578	455
7579	E917.8
7580	999.39
7581	378.24
7582	295.44
7583	304.02
7584	928.3
7585	629.89
7586	378.20
7587	V01.71
7588	665.64
7589	250.22
7590	051.2
7591	371.22
7592	637.02
7593	236.9
7594	E853.1
7595	136.1
7596	879.5
7597	288.4
7598	724.09
7599	758.7
7600	295.12
7601	945.30
7602	353.8
7603	288.02
7604	803.15
7605	716.45
7606	716.49
7607	V18.5
7608	011.01
7609	715.25
7610	870.1
7611	728.82
7612	813.91
7613	813.07
7614	078
7615	E870.4
7616	E828.2
7617	649.63
7618	711.09
7619	798.0
7620	643.21
7621	350.9
7622	747.20
7623	841.1
7624	746.00
7625	008.46
7626	242.91
7627	286.1
7628	744.84
7629	386.35
7630	342
7631	807.10
7632	647.11
7633	V45.83
7634	V14.6
7635	821.23
7636	916.1
7637	202.04
7638	163
7639	765.11
7640	246.1
7641	715.37
7642	996.3
7643	643.01
7644	378.1
7645	955.0
7646	765.08
7647	711.69
7648	252.9
7649	E888.1
7650	378.52
7651	376.1
7652	606.8
7653	203.0
7654	E814.2
7655	301.82
7656	295.82
7657	331.82
7658	V87.2
7659	122.9
7660	779.4
7661	E946.5
7662	667.04
7663	242.0
7664	831.11
7665	531.91
7666	426.1
7667	707.09
7668	752.19
7669	354.5
7670	V21.33
7671	528.01
7672	576.0
7673	790.01
7674	676.63
7675	823.8
7676	441.03
7677	884.1
7678	E972
7679	V85.34
7680	277.03
7681	967.8
7682	520.1
7683	646.73
7684	202.20
7685	483.8
7686	529.1
7687	535.21
7688	870.2
7689	V69.0
7690	904.0
7691	V59.9
7692	752.39
7693	852.22
7694	386.9
7695	512.89
7696	633.2
7697	944.0
7698	210.1
7699	775.89
7700	V45.8
7701	756.2
7702	652.63
7703	716.00
7704	728.1
7705	183.5
7706	072.3
7707	238
7708	661.23
7709	E949.0
7710	765.21
7711	V25.8
7712	851.7
7713	188.5
7714	715.18
7715	863.30
7716	649.50
7717	344.5
7718	655.20
7719	765.20
7720	917
7721	644
7722	860.2
7723	154.3
7724	049.0
7725	863.31
7726	160.2
7727	V15.7
7728	V49.60
7729	835.01
7730	444.0
7731	433.80
7732	383.01
7733	727.69
7734	366
7735	296.13
7736	600.91
7737	806.06
7738	968.9
7739	871.6
7740	711.10
7741	244.3
7742	368.03
7743	207.81
7744	062.0
7745	E818.9
7746	196.8
7747	634
7748	976.1
7749	795.6
7750	221.0
7751	736.73
7752	635.12
7753	789.35
7754	011.03
7755	943.34
7756	359.4
7757	362.89
7758	758.32
7759	751.60
7760	376.47
7761	116.0
7762	372.75
7763	633.11
7764	535.31
7765	655.91
7766	717.1
7767	055.2
7768	E823.6
7769	212.7
7770	E865.2
7771	929.0
7772	201.6
7773	873.2
7774	945.31
7775	V73.0
7776	099.40
7777	599.5
7778	801.21
7779	011.96
7780	305.6
7781	529.3
7782	277.87
7783	642.00
7784	865.10
7785	380.00
7786	706.0
7787	E869.9
7788	098.6
7789	751.8
7790	372.01
7791	362.16
7792	V15.05
7793	942.01
7794	214
7795	E866.8
7796	337.01
7797	383.33
7798	228.0
7799	865.01
7800	777.3
7801	E940.8
7802	880
7803	010.0
7804	V71.2
7805	363.21
7806	674.92
7807	821.10
7808	405.09
7809	008.43
7810	183.4
7811	478.7
7812	755.24
7813	730.13
7814	716.80
7815	900.82
7816	235.1
7817	596
7818	482.82
7819	384.25
7820	994.8
7821	205.20
7822	E920.1
7823	307.49
7824	666.00
7825	252.02
7826	714.1
7827	364.70
7828	356
7829	717.42
7830	574.31
7831	648.51
7832	363.10
7833	752.62
7834	305.70
7835	379.54
7836	227.6
7837	388.7
7838	360.11
7839	041.82
7840	665.83
7841	254.0
7842	879.1
7843	441.3
7844	795.12
7845	373.32
7846	006.9
7847	711.99
7848	387.8
7849	V81.6
7850	187.8
7851	732.5
7852	E876.4
7853	781.92
7854	152.9
7855	288.01
7856	845.03
7857	719.08
7858	897.4
7859	668.81
7860	720.89
7861	448.0
7862	342.00
7863	654.2
7864	530.6
7865	015.10
7866	574.41
7867	E934.7
7868	913.1
7869	V69.8
7870	732.0
7871	754.42
7872	527.5
7873	718.89
7874	366.52
7875	764.01
7876	426.53
7877	953.3
7878	880.01
7879	279.49
7880	368.45
